61
92613645 0
74621693 1
13701204 1
28966330 0
46637887 1
35764023 1
59354452 0
53804103 0
5440025 0
90442201 1
65052726 0
90665311 1
79877544 1
73607188 0
57284486 1
56403624 0
31620119 0
81753 0
85566597 0
98791034 0
24172654 1
42302091 1
38808479 1
56899858 1
42905331 0
14043678 0
1548246 1
39831724 0
97018267 1
56315508 0
14932495 0
82814442 1
16371364 1
81638402 1
89120262 0
73031435 0
97345189 0
39638156 0
29460602 0
49332513 0
16456746 1
60654158 0
18013670 1
86594209 1
94730301 0
58558211 1
24509603 1
36394174 0
43448559 1
38060403 1
18315119 0
24372349 1
83475021 0
65579846 1
56368431 0
40935730 0
92430538 0
92278892 1
48405675 0
65745773 1
171510 0

