3966
79122993 0
45315628 1
29990312 0
89319674 1
56584119 0
31063222 1
32547357 0
714784 0
81467620 0
6908357 1
35800084 0
96579103 0
29754433 0
14708914 1
56892487 0
97904845 0
55516946 1
32702002 0
10440022 1
54728589 1
92303028 1
73896231 1
24729558 0
54088736 0
71658446 1
65690271 0
83146626 0
912026 1
89109015 0
40205464 0
1830500 1
1320330 0
94257753 0
12844158 0
56270980 0
42378935 0
50265988 0
87285723 1
43898430 1
73363076 0
24016329 1
97517724 1
1193721 1
6954822 1
3256889 1
17339790 1
44753769 1
22495116 1
90648505 0
96629882 0
16663460 0
49570556 1
87301790 0
97872060 1
84591917 0
57227523 0
18762124 0
91914781 0
99890070 0
31758894 1
40118352 1
56142277 1
88737543 0
2890159 0
98789200 1
11816624 0
11181196 0
69578191 0
95243016 1
99734255 1
54872822 0
57311202 0
55873525 1
71610305 1
7368609 0
37442064 0
36543654 1
65614732 0
1825496 1
44352270 1
77651954 1
27188355 0
90885545 1
62807011 1
77143821 0
59135287 0
19670187 0
83319729 0
11097881 0
33769821 0
23105320 1
49113765 0
30039326 1
87710687 1
49198210 0
18224409 0
95942542 0
50387911 0
6641307 0
8815505 0
25197866 0
68809404 1
81494988 0
76188389 1
76071467 1
70188869 0
17000666 0
44613707 0
69401028 0
63954032 1
77697329 1
81977753 0
58274664 0
6539357 1
54369290 1
87125749 0
17415631 1
10763719 0
81808397 1
7300603 0
5344982 0
58792000 1
89924118 0
4578105 1
75974680 0
78654639 0
22191539 1
96737740 0
51601648 1
97441929 0
42635304 0
41396650 0
15403341 1
39992752 0
24339529 0
17433467 1
18355214 1
92964176 1
1901486 1
26068615 1
93157226 1
75986715 1
28343436 0
10110628 0
23786530 0
74920164 0
48631335 0
83245672 1
59864160 0
74652491 1
96327507 0
79746978 0
30456641 0
65179011 1
38072522 1
43163764 1
60138976 0
79163001 1
99891964 0
9352754 0
59850691 0
90472503 1
69280818 1
70278690 1
14161484 1
73222654 0
65609458 1
5709144 1
71902956 0
29583927 0
76034671 1
22289197 1
73747569 0
9457323 1
95357155 0
62639807 1
10719727 0
20420803 1
21768458 0
65905002 1
72114845 1
9486046 1
896039 0
96277496 0
48246979 0
97033022 0
68946291 0
60008348 1
61688165 0
22599774 0
28261811 1
22283771 1
7252363 0
21713178 1
41881170 0
81308475 1
95308998 0
99825379 1
95059318 1
76808128 1
59542276 0
57766485 0
3176743 1
36453887 0
1519902 0
61901460 0
8267692 1
80163561 0
77304602 1
52698755 1
89208768 1
91806055 0
17946400 1
3847684 1
87322223 1
79566937 1
90464944 1
88279499 1
41568065 0
53190070 0
91548729 1
71883950 1
32173563 0
40249353 1
57496133 0
73768866 0
56623112 0
20957302 1
79814792 0
80204694 1
62348648 0
53512693 1
41375773 1
97379320 1
4965114 1
37992590 0
66243011 0
89282599 0
3514977 0
20946501 0
77625416 1
30941671 1
62260382 0
57940665 0
67311289 1
32523445 0
70787894 0
84554957 1
27465977 0
28601110 1
21417299 0
36181147 0
62895246 1
45901432 1
51944787 0
12927041 1
55860008 0
20889729 1
47689657 1
74249278 0
58106331 1
97472941 0
15218257 1
26560865 1
83226824 1
6698092 1
39632547 1
35499695 1
98190631 0
23383976 1
48178919 0
24319467 1
27092633 0
86784361 0
57256846 0
40394242 1
72435543 0
43746954 0
50781260 0
10985587 0
76109374 1
14542099 1
15473161 1
42280673 1
97375515 1
67502321 0
425959 0
51832306 0
48720902 0
48267284 1
9547418 0
22572464 0
88992082 0
34300148 1
28340862 0
78753645 0
8333532 0
96770027 0
66100157 1
78902908 1
94839854 0
45307437 0
38638334 1
93548739 0
51631282 0
94354726 0
10630134 1
34899175 0
43749184 0
77574832 0
33713499 1
66037667 0
19282840 1
58026265 0
75902152 1
50316588 0
73753649 0
46493219 1
40243500 1
18583024 0
34008666 0
37629095 0
43779150 0
72880506 1
7679169 0
17314690 1
81739305 0
79997740 0
30861423 1
16534652 1
70442450 0
81310481 0
91907913 1
71992148 0
33474792 0
11514379 1
28009868 0
83743658 0
55706097 0
94511038 0
99959379 1
7211656 1
25508429 1
15217137 1
63506099 0
17375876 1
70964560 0
45245505 0
98436286 1
81013698 1
72865253 0
60873383 0
53581192 1
79885707 1
62588129 0
51583472 0
60004024 0
94944702 0
68667901 0
8214746 1
13120858 0
84065808 1
40445352 0
71010034 1
89014707 0
31020833 0
30359270 1
65633856 0
25178850 1
93078749 0
55659208 1
27721640 1
46253670 1
49976132 1
570072 0
12977409 1
10085840 0
11873784 1
93877508 1
52230868 0
98769767 0
83223152 0
76006727 0
26015050 0
78308943 1
57427131 1
99749182 0
47634983 0
85510403 0
13403570 0
94205711 0
59340454 1
43365175 0
14841805 1
48549404 0
2547896 1
23906686 0
38122621 0
36622661 0
29505954 0
23845180 1
33955720 1
83048900 0
5289721 1
57482069 1
74825680 1
33665103 1
45610610 0
69395010 0
99419547 1
53584266 0
14951022 1
35664468 1
81499783 0
82951321 0
59041342 1
29618319 1
38779906 0
19672836 0
37112646 1
47439853 1
27618883 1
74444416 0
23882755 1
4868899 0
62461301 0
2135535 1
98406548 1
33247915 1
134973 1
759734 0
69225422 1
74991042 0
64798596 1
45112892 1
34313086 0
16487949 0
38557622 0
67305589 1
9165110 1
20031990 1
84797936 1
29092206 0
65646834 0
38281207 0
42741866 1
27411429 1
92025558 1
24609487 1
20535815 1
55623772 1
54510017 0
5994695 0
561193 1
31010318 1
1762646 0
75299521 1
5373783 0
12667237 1
54345971 1
99275317 0
81515339 0
70424571 0
25575149 0
70802999 0
19026017 0
94123461 1
98054994 0
59673625 0
11179537 0
75291005 1
46066617 0
94747637 0
25822709 1
15516876 1
98279955 0
59270643 0
83250061 1
23354040 0
56530334 1
82575881 1
30322102 1
17829518 1
99192686 0
5149460 0
87349980 1
2744091 0
83332301 0
70037509 1
37701784 1
25528329 0
83619758 0
23845731 1
72772748 1
19463847 0
45437193 0
49628750 0
49313381 0
90550180 1
83410611 0
81169423 1
37164382 1
10884829 1
76784021 1
191093 0
85119347 0
26044498 1
53819222 1
81318412 0
53046332 0
46592360 1
31528230 0
31021971 1
22641981 1
8229016 1
96791025 1
58614228 0
26656555 1
98182832 0
97113107 1
6377764 1
88184158 0
2447647 1
97001425 0
20130900 0
94091726 0
98341471 0
5003749 1
98525231 0
29053227 1
27983262 1
70494089 1
80093845 0
17043466 1
99664233 1
57920152 0
83249749 0
38719019 1
18890977 0
16675235 1
67222173 0
45878925 1
88246729 1
73689371 1
54347461 1
74005356 1
88547081 0
22218928 0
8247918 1
53338510 0
61128670 1
38248696 0
61192261 0
9528757 1
70976566 1
19583607 1
10930753 0
88802352 0
48048900 1
72749619 0
44092355 1
5598766 1
26942509 0
53700590 1
66877778 0
82608337 0
77739733 1
38751115 1
47971917 0
69680930 0
96987239 0
45081517 0
92058891 1
15859862 0
98588576 0
99866124 1
50196986 1
86030819 1
66008742 1
36880971 0
64026398 0
28668261 1
77082651 1
54846071 0
50104734 1
49952127 0
90382854 1
31576267 1
18565114 0
49473083 1
64171223 0
70115949 1
95812835 1
17593376 0
43893044 0
19842272 0
53602800 0
8739906 1
21056840 1
82320666 1
56374917 0
52826901 1
46003333 0
26500639 0
58315923 0
81162889 1
46980522 0
58806584 1
41015521 0
39569834 0
8985746 1
46677395 1
44251057 1
89728705 1
14727920 1
72703044 1
12889509 0
10795614 1
43236783 0
56384857 0
66751773 0
39752886 1
38196438 1
35924704 1
58659840 1
20508978 0
7201213 0
76411362 1
22158519 1
26499687 1
90967543 0
61842666 1
67631526 0
21474098 1
68623290 1
42660479 1
83018775 0
2315568 1
5606434 0
95585172 0
49260974 1
28465962 0
75707586 0
11011362 0
9896217 1
46522706 1
45711059 0
39070981 1
31021006 1
22118013 0
64589663 0
32294819 0
31302902 1
77416895 0
32311359 0
45076926 0
95237644 0
67209903 1
35697594 1
30192666 0
41656727 0
15802527 0
95554806 0
49331977 1
66766809 1
88512941 0
92867405 0
94335881 0
7548322 0
42891921 0
23118185 0
81885616 1
23263892 1
49426296 0
84663920 1
82937860 0
48679189 0
47766621 0
92617456 1
23140309 1
74551829 0
17526416 1
2453725 1
46344746 0
46822876 1
59945613 1
10641605 0
50423231 1
23364984 1
81463049 0
56718582 1
18044823 1
74341825 1
15402616 0
19520400 1
45623337 0
95355724 1
96914764 0
69280301 1
45811954 0
21433933 1
5587971 1
67210767 0
16852103 0
87930600 1
67844686 0
22932222 0
47091340 1
87533657 0
31793964 0
6779259 0
25373526 1
40599664 0
67747735 1
81675768 1
85791822 0
7818564 0
95766147 1
99398270 0
94656375 1
56969130 0
65289838 0
84378195 1
38165469 0
17398727 0
44954116 0
69463743 0
71612881 1
51025816 1
14912476 0
7710538 0
25711190 0
41968896 1
47549026 0
42803820 1
92115762 0
29013648 0
59919968 0
95777095 1
25910135 1
37844306 1
9732405 1
68770651 0
16016751 1
45041650 0
96623577 1
15002367 0
68307869 0
24550893 0
88458353 1
41742478 1
42111965 1
56115729 0
88820309 1
22957977 0
75806500 1
7664839 0
31747678 0
70394971 1
48047402 1
29116967 0
18099288 1
65519438 1
10935521 0
22027791 1
10223504 1
8253502 0
62400312 1
89457392 1
50098777 1
97687802 0
43773542 0
80102561 0
39076297 1
48224231 0
55953789 0
92878681 1
11434 1
28735783 0
86577678 1
86907684 0
69529626 1
78262594 1
51234216 1
76629046 1
48515696 0
76884830 0
17263892 1
48817547 1
1515563 1
32323819 0
50819275 0
56517445 0
29998371 0
96686908 0
42959960 1
32836051 0
8179388 1
37713413 1
76236170 0
89791236 0
55036633 1
71500923 0
96902873 0
55497801 1
33710091 1
65874223 0
68362591 0
19322422 0
81940874 1
90936216 1
64476270 0
97774419 1
40958800 0
83439499 1
29323281 1
3192920 0
10507125 1
79856311 0
40124540 0
10166553 0
45230265 0
45945866 1
50483212 1
19909941 0
7836677 0
14501374 1
99462624 1
58661208 0
40592353 1
4759703 0
52708050 1
53983178 1
29607293 0
14497282 1
68083591 0
47081512 0
29247846 1
42889247 0
10757629 1
45836638 0
8288203 1
40946034 1
22842532 0
18640446 1
91704996 1
22737983 0
11118683 1
84000366 1
51224952 0
99631175 1
75684342 0
92959869 0
55649499 1
5239849 1
57943923 0
71776974 1
35428053 0
61651457 0
24586375 0
94266704 1
18538548 1
85629740 0
38125394 0
63400036 0
34116623 1
65403887 1
35167065 0
37702177 1
68213533 1
68472694 0
63950120 1
85556728 0
92227305 0
53664923 0
85360405 1
8535115 1
32473756 1
22015549 1
79910511 0
62149369 1
11324097 0
66694130 0
41001293 1
5748277 1
87632872 0
57686812 0
10632089 1
7520430 1
35526404 1
97373066 0
84462514 0
82245467 1
96215953 0
30904319 0
79509724 1
93155110 1
88434386 0
86218983 1
71136441 0
85409454 1
79079279 1
90986967 1
82875902 1
32410757 1
60455827 1
79882444 0
76852206 1
23290222 0
70945111 1
42854540 1
87890488 0
13382179 0
66036967 1
52800181 0
25191067 0
208123 1
3365161 1
83796591 1
47820621 0
37786207 0
13037415 0
35301781 0
69845781 0
67485224 1
94852669 1
23745492 1
3795910 0
18511281 1
43783089 1
65713764 0
76738319 1
57967818 0
66426371 1
48262393 0
87525846 0
41299378 0
56194715 0
11536961 1
64305615 1
24702450 1
90454426 0
9810503 1
78651899 1
86966515 0
65821453 0
95902416 1
86297895 0
33300416 0
86191660 0
46807286 0
77356024 0
61245120 1
97662908 0
72754805 0
44094618 0
98363876 1
5265242 1
3259228 1
56939610 1
93668222 1
67839380 0
26509717 1
86632382 0
22033323 1
85575428 1
5295950 0
90173883 0
40587103 0
27404692 0
31497560 1
22682850 1
77055100 1
18298013 0
26949651 0
70735699 1
14519033 1
66685508 1
57494568 0
43386071 0
14854441 1
62815156 0
19024933 0
75638780 1
54023257 0
4269872 1
40358985 0
53937660 0
42889086 0
60422621 0
56951442 0
7500392 1
93017876 1
59645740 1
65907486 1
48123758 1
78893804 0
52315085 0
38810498 0
54541301 1
77110815 0
30074987 0
17416357 0
58019406 1
33373882 1
13230838 0
92436042 1
74853406 0
95759676 0
19668815 0
89528893 1
12028207 0
15691357 1
86043333 1
74069117 1
68584423 1
46566089 0
65797362 0
20064907 0
80230951 1
48744822 1
74175142 1
4818119 0
13315288 1
98216140 0
69933238 1
38634437 1
80924295 1
707292 1
68268116 0
42881866 1
18811448 1
625936 0
92854158 0
70291876 1
23266512 1
58618420 0
90039911 0
26202781 0
67952351 0
49310035 0
87145043 0
67179774 1
87495524 1
97278677 0
86121339 0
62070481 0
26073788 0
53790479 1
81919598 1
34112808 1
92796773 1
78436004 0
20878746 0
21617391 0
74520086 0
23563901 1
9634940 0
90712602 0
57260605 1
21959876 1
61130086 1
14675485 0
53499759 0
26215750 0
78329318 1
72157306 1
45469593 1
82502125 0
15683043 1
3574436 1
92048961 0
16879160 1
65692722 0
18937282 1
24099503 0
56845348 0
17510360 1
80808474 0
79319894 1
32560066 1
24743271 0
71197463 1
56547928 0
56470253 0
55944703 1
33118049 0
20564114 0
10175513 1
97976991 1
77441790 0
98074201 0
35214007 1
55923248 1
46833285 0
44224520 1
8908933 0
30262741 1
31594771 1
58495937 1
354030 1
24901925 0
17601975 0
93045613 0
15663076 1
74672564 0
99182785 0
32360487 1
29968316 1
59512407 0
35125272 1
32110656 1
17753728 1
44458037 1
6181315 1
25811736 1
23280450 0
85460594 1
25153832 0
53462455 1
87874385 0
72792653 0
43476152 1
76529533 0
97352937 0
66347862 0
60991061 1
51017831 0
35452696 1
59136682 1
1010311 0
4214609 1
12676947 0
26814607 0
30152186 0
49315721 1
63932045 0
73275050 0
65086558 1
30018181 0
18056141 0
66144231 1
64551559 1
14237176 0
85067777 1
50442556 0
23699520 1
11262574 0
20342297 0
11579004 1
90749636 1
84212490 1
56165802 1
56708343 1
25335933 1
98450103 0
64774227 0
38123076 1
46732498 1
13605618 1
22561291 1
70528598 0
56909476 0
53668867 1
78567506 0
62786036 1
84052452 1
50851062 1
52725061 0
75761721 1
78398105 1
40906461 0
45457415 0
33675402 1
14340312 1
82994302 0
94174688 1
36323569 0
77135335 1
18922205 0
96610239 1
72021890 0
11037927 1
90709568 0
2259307 0
6355889 1
13114973 1
52736509 1
9998410 1
49432783 1
29889783 1
55000589 0
8865252 0
11986970 1
33829523 1
43706838 1
20044450 1
29219032 1
39340266 0
8039418 1
32299844 1
84700036 0
17205137 0
25245881 1
54604061 0
32069940 1
32811949 0
62488327 0
93577299 1
24669943 1
4945447 1
24590743 0
23771974 1
52295230 0
42764032 1
19446516 1
14505965 0
92581065 1
51843154 1
41499829 0
40633662 1
92965588 1
6989957 1
83693124 0
73459196 1
13586637 0
74106533 1
69191243 1
38971625 1
85240097 1
68215172 1
27706073 1
99051359 0
47657559 1
95886941 1
92709402 1
53506511 1
56374265 0
16056877 0
85379907 0
16413030 0
83484188 1
19770943 1
98055029 1
74203109 0
14921513 0
60800677 0
95547606 1
84124423 0
35733377 0
56989105 1
40437130 0
54371369 0
43696133 1
54008459 0
31781203 1
71189064 1
8379881 0
1164257 0
54781854 0
44506438 1
92658324 0
37222386 0
82463223 0
18057809 0
78231174 1
18191530 1
94225720 1
51538294 0
54286722 0
4742191 1
81208228 1
17673590 0
97613111 0
67753179 1
56740288 0
32056091 0
59550396 0
2015192 1
84839972 0
44048227 0
63962420 0
84044087 0
78158116 1
52000631 1
48276980 1
20428646 0
56115937 1
30321755 1
5128301 1
77499314 1
40997547 1
86576727 1
68736742 0
79499420 1
43026779 0
72078499 1
55596828 0
7989920 1
64542045 0
96328157 0
82659050 0
25087303 1
33352792 1
35137740 0
90826233 0
40319598 0
10278232 1
9527327 1
96694366 0
19015929 1
27500042 0
18705873 1
32800319 0
63056621 1
73422994 1
57578428 0
46198076 0
2641929 1
8161182 1
54091257 0
35574420 1
36527775 1
82323236 0
53532345 1
37766232 1
6183544 1
48766168 0
22779419 0
86551761 1
44913875 1
62737452 0
87594703 1
70725419 0
68495095 0
61810331 1
12699237 1
95342429 1
38729079 1
34126340 0
31744861 0
5453296 0
85756734 0
5819919 0
82917816 0
85852044 1
21514962 0
86051987 1
82549960 1
31018516 0
15982750 1
82924029 0
354807 1
10494437 1
41859719 1
81917278 1
61766432 1
21667096 0
6009175 0
30722285 0
70713563 1
46658805 1
5591648 1
59871505 1
60126401 1
78242465 1
91401916 0
69206029 0
12283416 1
79864099 1
50362703 0
63126330 1
26603764 0
3775220 1
82381677 1
78905110 1
78688617 1
56583020 1
89862847 0
69375513 0
28494048 1
21408861 0
89099758 1
45176725 0
43147254 0
11606422 1
28969783 0
99956289 1
10431338 0
60575967 0
11844927 1
62598978 1
89850887 1
69137377 0
2373255 1
44568991 1
86474809 0
10060860 1
63590423 0
98985457 1
4451912 0
89707504 0
66815887 0
3571582 0
85049500 1
18060135 0
64804377 0
71254670 0
28415324 1
70973773 1
67439418 0
84457483 0
88006209 0
31483671 0
8917161 1
99909880 0
2839926 0
91109963 0
86904600 0
78328833 0
28249868 1
26001912 1
43120521 0
89297128 0
20775067 0
36945516 1
60969317 1
36335889 1
51530645 1
98617109 0
43174594 1
50859562 0
72492811 0
2609776 1
73080617 0
52885263 0
10535811 1
87430656 1
11547390 0
47931927 1
29620636 0
49129943 0
37381298 0
57471417 1
26631669 1
5037025 0
84317992 0
80912057 1
4203007 0
65517356 1
33260204 0
32834948 1
45478478 1
10765067 1
59820291 0
47246084 1
12484860 1
65756140 1
36646026 0
90549858 1
83124870 0
91350380 1
3768953 1
45240939 1
43837531 0
61828267 1
129955 0
77428273 1
15127827 0
57814344 0
29331165 0
71996218 1
48076769 1
38898929 1
48415018 0
95136785 1
91023042 1
6528981 1
37960514 0
80804756 0
24330155 0
69485195 0
91786595 1
21574119 1
30648262 1
28325125 1
10809535 0
99417067 1
21468996 0
62504798 0
8016185 0
14521841 1
89014797 1
19974070 1
77982275 1
7518557 0
28264435 1
96346892 1
33996966 0
54304655 0
31899964 0
85841537 1
64007888 0
37297689 0
65041668 1
13148946 1
3366703 1
69863799 0
90260475 1
94680056 0
87702679 1
24253721 0
90355211 1
31728240 1
74923705 0
86641815 1
12767693 1
64106399 0
46311997 0
68664813 1
72541201 0
45476352 0
55532753 0
86057221 1
49006492 1
70661984 1
19654610 1
22443773 0
74915755 0
64250442 1
10770270 0
33929223 1
39161932 0
82790482 1
82534970 0
98041454 0
23629313 1
5172504 0
57668940 1
76928297 0
45908286 0
86551024 1
41189812 1
43202520 0
26900389 1
66892198 0
28588676 1
59458621 1
99873913 0
20633669 1
3567657 1
87251251 0
93724159 0
1123883 1
63784637 1
84771121 0
70584753 0
74889230 0
51286383 0
70511426 1
74800726 0
76792744 0
26811347 0
60781013 1
93706054 1
29739440 1
91588347 0
51979077 0
27436663 0
31335051 1
81309220 0
36052234 1
67560719 1
44542621 0
69411833 0
99117332 1
38738905 1
97238838 0
61554944 0
5501676 1
20416227 1
45468733 1
47941964 1
39686251 1
14288843 0
41511398 1
89849314 0
3525849 0
29475570 1
31123183 0
47884732 0
53735140 1
51959066 1
73420799 1
65459385 0
92929548 1
93938721 1
31240719 0
40521362 1
73529955 0
14943325 0
99821865 0
65260126 1
9233436 0
57812022 1
3739962 0
43151562 0
97636576 0
99275155 0
13100151 0
99334168 0
57043564 1
98834779 0
71302836 1
7894373 0
64999574 1
24513988 1
71913037 1
71588601 1
94197690 0
60235520 0
55525194 1
29845639 1
10853803 1
72804007 0
84225618 1
608267 1
7494391 1
2591667 1
89259209 0
75789438 0
55853941 0
41436687 1
46877271 0
71040666 1
671224 1
17295255 0
73034040 0
26284019 1
50176143 1
3188919 0
85308461 1
44702927 0
35071009 1
20595168 1
51232476 0
42133318 0
63585545 0
40314315 1
15754757 0
66380322 0
10238449 0
58185854 1
30169310 1
53649420 1
29002616 1
76007607 1
6887181 1
25909781 0
23352207 1
67510095 0
73033205 1
47147582 1
25247261 0
46653371 0
52039308 0
27621221 0
90974346 0
25705890 1
60803931 1
21299392 0
714870 0
72931528 1
36718228 0
83468115 0
49483137 0
25836741 1
29745655 0
19334709 1
9499338 0
9135022 0
71230187 0
49840176 0
61137882 1
79429208 0
12381070 1
56229947 0
46430170 0
40406776 1
47098898 0
9107547 0
73635388 1
81136400 0
21242168 1
75468487 1
38338916 1
89140987 1
41168708 1
80013601 0
69708913 1
83670689 1
79718189 1
57073940 1
65899093 0
17488092 0
18599960 1
37299133 0
26190689 0
17885191 1
66294511 0
38879156 0
971498 1
29141136 1
46130548 1
11511169 1
27475644 0
71716502 1
41303807 1
88263775 1
10689242 0
2658178 1
67373058 0
69093048 0
88764674 1
38022872 0
62704132 0
57379384 1
42492793 1
29423725 0
68672137 0
15899420 1
72471956 0
92705749 1
29002253 0
88521618 1
27118499 1
23153340 1
6551829 1
87654387 0
56804311 1
26933765 0
40132013 0
58789244 0
96974925 1
32826617 1
39679836 0
2886418 1
86121457 0
47091278 1
49421786 0
97523952 0
93713874 1
35345718 0
86517165 0
31047660 0
72141977 0
9307219 1
48221718 1
67179386 0
2128815 0
58260838 0
17652821 1
92579048 1
80485525 1
91532461 1
50047088 1
8627432 0
7568374 0
81380749 1
34894 1
77982807 1
24325228 0
91532726 0
4566175 0
26985205 0
69309308 1
61773232 0
41469425 0
37083378 0
78532433 1
14760985 1
61699346 1
23551531 0
75024676 0
72570554 0
77287975 0
50245640 1
91193095 1
87692768 0
38548494 1
93853175 0
54466377 1
9902559 0
74628485 0
48746776 0
26380258 1
84212029 1
63096901 0
70433182 1
97631757 0
46823775 0
45299096 1
93517033 0
45503589 0
82410125 1
41408943 1
80818559 0
8690781 0
45050822 1
89934388 1
35833620 0
4843038 0
28298093 0
99622678 1
54300085 0
55229430 1
51533557 1
79154950 1
54092345 0
81423455 1
45670626 1
3564825 0
12666317 1
18553388 1
4703601 0
38631144 0
80133741 1
40749491 0
47598354 0
52112213 1
94139952 0
63753248 1
51553409 0
60986502 0
88341374 0
84007555 0
31140220 0
85055029 0
20989511 0
49566689 0
71944357 1
58232456 1
94944466 0
6442388 0
24000823 0
47261384 0
70629940 0
67912195 0
93701391 1
18637871 0
86723004 1
43803814 1
83535289 0
39434006 0
7569845 0
22381937 0
50672162 1
13658957 1
15971819 0
16424173 0
80755143 1
48396825 1
23831801 0
30382087 0
9359660 1
30224350 1
42520673 1
28239425 0
71965201 0
82168617 1
28426846 0
29461083 1
11683496 0
89663826 0
61245365 1
2880735 0
24862326 0
37534543 1
86661450 0
24398652 0
76712508 0
20491723 0
1945284 1
52545457 0
65764408 1
84741780 0
83731476 1
7591621 0
71344387 0
88870349 0
97495370 0
75143718 1
79139207 0
16274880 0
98205657 1
59008893 0
45538754 0
5902349 0
58278887 1
26390474 0
33331592 1
61095167 0
13324244 0
60561498 0
98091591 0
68966263 0
15460690 0
96411174 1
25923841 0
105739 0
82313184 1
38657926 1
58884730 1
8850265 0
48239921 0
43483069 1
61519701 0
72488789 0
34831653 0
86220330 1
54243850 1
17752171 1
55375548 1
3729510 1
40327077 0
66727096 0
46263499 0
28148100 1
44404919 0
2423530 0
39400108 1
7315766 1
72550087 1
48309153 1
53804538 0
85428303 1
9998521 1
51679253 0
51381864 1
10693693 0
6450762 1
73893731 0
22329576 0
65939737 0
69652629 0
10714749 0
74613499 0
35691669 0
77076156 1
11522003 1
19841262 0
80774322 1
2857330 1
43839634 1
28958414 0
26926856 1
26885361 0
76840948 0
34115384 1
86861709 1
64851855 1
62049640 0
33816095 1
26295969 0
55833463 1
67123242 1
97846989 0
10329623 0
50499375 1
78019745 1
30678963 1
83553480 1
12270218 1
69306057 1
93166600 0
89592514 1
40354244 0
60171372 1
38302159 1
16613957 0
80042857 1
91386577 1
68637293 1
9023478 1
93974510 1
66775889 1
8079144 1
99083390 1
5507780 0
88723111 1
9496641 0
64430668 0
81641867 0
58403438 0
70235009 1
3736479 0
49105864 0
25128433 0
64159219 0
42646963 1
57151519 1
66313205 0
18894864 1
92054186 0
38243774 0
45444580 0
61042587 0
39587224 1
76225568 0
57322252 0
87677967 0
16128817 0
41681368 0
20982545 0
83929710 1
59683083 0
88801461 1
7278427 0
44842085 1
18246287 1
48221035 0
86117451 0
4971526 0
4590961 1
27978822 1
55785023 0
58584492 0
97455218 0
79005520 0
6471136 0
12817866 1
75193727 0
66278768 1
40687139 1
31826887 1
38405114 0
10035107 0
57410637 0
30386791 0
15261176 1
38983926 1
54689240 0
89096924 0
18339758 0
13578991 0
95582132 1
12409359 1
49309492 0
13230239 0
61348230 1
58842036 1
19787506 1
42117192 0
10544173 1
41849110 0
22871811 0
78815566 0
45699128 0
11353910 1
22629900 1
85238008 0
76271272 0
36216219 1
21837385 1
7361579 0
56897309 0
70559357 0
70873605 1
79188868 0
7104994 0
16123603 1
3663339 0
10930156 1
36445479 1
51176254 0
79780211 0
34684020 1
12122223 0
58664097 1
954201 0
18729212 1
16535553 0
14250647 0
66351617 0
47320877 1
83826037 0
78117874 0
69973065 1
14644137 1
60409087 0
29162259 0
81530227 1
27041315 1
83967454 1
60077123 1
32779193 1
59495455 1
21670185 0
46955300 0
11873303 0
90961807 0
44725997 1
94619782 1
10273681 1
1990309 0
70600450 0
3708067 1
69564129 0
65847373 0
44584520 0
42222984 0
46939952 0
64849839 0
76112418 0
18087138 0
68399180 1
7708343 1
16946921 0
53289255 0
77675709 1
4522235 1
97470480 1
93556335 1
21898896 0
70681816 0
44493334 0
50354584 1
37290829 0
65789575 1
92078534 1
63589306 1
25140393 1
6644374 0
15218889 0
60607733 0
32691006 0
64748279 0
32241026 0
6335358 0
54761408 0
75032579 1
61596321 0
66797647 0
29397089 0
14414257 1
28498610 0
83061556 0
751251 1
89394966 1
50934468 1
43455253 0
44568068 0
10707949 1
36034762 0
29542802 0
20450846 1
12047013 0
61767772 0
82722345 1
31119660 1
35841412 1
95681510 0
87327237 0
46308035 1
96657301 1
82497311 0
96019960 1
35400332 0
75306064 1
29062133 0
92571394 1
52130639 0
72750845 0
77408963 1
56994807 0
93866891 1
36489003 1
11584883 0
92216284 0
14119131 0
27059542 1
62934197 1
72501011 1
98357878 1
17548648 1
43475380 1
71207311 1
75894972 0
83250251 0
80769783 0
13971246 0
64728072 1
48098231 0
36303696 0
54851688 0
27899797 1
96824094 1
26701787 1
44642092 1
33283769 0
409409 0
23851078 0
48403207 1
46797680 0
935121 1
96592992 1
20335773 1
7855631 1
60642291 1
3834979 0
86009536 1
15173070 1
43824289 1
18647499 1
90705158 1
82079004 0
42215341 1
12946222 0
28239768 1
3620702 1
77865408 1
49674575 0
31788928 0
99877990 1
45897351 1
17947939 1
75917554 0
48517353 0
24733910 1
47344783 1
4268984 0
67742214 1
10140823 1
37732378 1
12899813 1
32655823 1
66588696 0
83536096 0
16973452 0
90572501 0
92911039 1
81987563 0
62863504 1
58032122 0
78089383 1
92411651 0
4388053 0
41166213 0
26285304 0
74216413 0
66898745 0
84748324 1
11977319 1
45092637 0
38437649 0
69414473 1
14587782 0
76055211 0
38466122 0
2070321 1
15794677 1
93579515 1
37930302 0
40353390 0
6180973 1
61299094 1
49459888 0
84969523 1
91327662 0
95631336 0
55143047 1
82132423 1
87426484 0
87381053 0
21680510 0
73407140 0
69014705 0
98396286 1
85776252 1
22764381 0
67966073 0
27308007 1
90688058 1
24872730 0
8367040 0
12827862 1
18376191 1
95031208 0
44106274 1
23628792 1
76292670 0
15148402 0
6471401 0
47843243 1
39465261 1
57230923 1
80068152 0
71742829 1
35489291 0
82871300 1
20729460 0
95535456 0
42634842 1
78247607 1
65000423 0
59186554 1
66900299 0
50827307 0
47081968 0
45584330 0
52502601 0
42624886 0
35048043 0
73219322 0
81723095 1
38279363 1
3985262 0
48530262 1
34221309 1
41156190 1
84195879 1
74688004 0
37252459 0
52046277 0
30410651 0
20700510 1
14845395 1
99558658 1
34329610 0
8112096 1
69676381 1
69733740 0
79474048 0
47742441 0
19389996 0
31264445 1
29182490 0
75094692 1
32919476 1
18519323 0
10334838 0
66437246 1
50637849 0
74081469 0
24830331 1
36313804 1
1473913 0
18965412 1
32462827 0
48118479 0
60777026 1
74376038 1
94532002 0
89629492 1
4730507 1
80669126 0
7144666 1
60805989 1
12443327 0
32500430 0
71352544 0
19909882 0
32787869 1
46153418 0
44094489 0
21236363 0
82820226 1
54860512 1
289561 0
74965770 1
13310460 0
21176003 1
95991507 0
12870000 0
47904805 0
98055397 1
44532858 0
46832736 0
44280217 1
35852492 0
43438081 0
71259374 1
23701894 1
75098065 0
17831382 1
47244773 1
25027995 1
971753 1
97498844 0
57509818 0
3145800 0
34605822 1
27507441 0
42358582 1
59977967 0
10619907 0
59657155 0
1551321 1
53739833 1
9251058 1
16491947 0
13585316 0
67340093 1
23181809 1
720356 1
11476850 0
82701531 0
29129382 0
35247761 0
41617210 1
46273249 0
95524037 1
49604437 1
99077731 1
83988078 1
26367991 0
3757788 1
88649675 1
35771088 0
84045663 1
75776156 0
72266840 1
96128124 0
66954261 1
79449869 1
21928529 1
86441640 1
18332255 1
31388917 0
75083022 1
65970619 0
57420862 1
13798656 1
17499538 0
81260857 1
52997920 0
2415002 1
79597879 0
744150 0
53048320 1
33277464 0
17986290 0
27209361 1
58260656 0
30111150 0
58319120 0
22892003 1
3022648 0
59268112 1
86810865 0
31033723 1
70032426 0
51857097 1
38909011 1
30269088 1
65359819 1
51038834 0
27231267 1
39481585 0
92631956 0
40436957 0
46364419 1
20148421 0
52520985 0
48308710 0
7284827 1
65270728 1
96180065 1
97915724 0
16834469 0
85707983 0
18831280 1
36597353 0
127961 0
78955423 0
1606231 0
29509942 1
10389346 1
17309749 1
58475969 0
83002961 0
86105432 0
49640703 1
99425831 0
76662036 0
93860134 0
21579537 1
14571806 0
4041436 1
22908445 0
122380 0
54068648 0
37328386 0
92415663 0
32131445 0
49554938 1
51041719 0
72181688 1
78773541 0
67929020 0
38195152 0
7582577 0
24011063 0
32140346 0
28055584 0
35311869 1
15034844 1
85410932 0
56986121 0
89048373 0
89767129 1
71926649 1
793248 0
77131066 0
53635584 1
43221247 1
1132476 0
2717868 0
58606269 0
92901147 0
96539835 1
41651610 1
50223540 1
15820344 0
89063275 1
84003036 1
17682180 0
53703200 0
53292830 0
6098524 1
25939266 1
12932847 1
51396744 1
37030417 1
4140987 1
16580906 0
5762672 0
8417725 0
62403205 1
27132063 0
11111356 0
12537133 0
4918667 1
16098721 0
9580776 0
31353979 0
69671427 0
66103342 0
51851846 0
71682335 0
70047807 1
14021605 1
4046408 1
3988772 1
58823378 1
43566458 1
85315508 0
13175586 0
93732860 1
62476017 1
41168913 0
48278094 0
82719480 0
87356796 1
5652287 1
23343275 0
20991032 0
57770583 1
143108 1
72502827 1
3501449 1
68888858 0
52965796 1
76509325 1
46311588 1
74816349 0
16908259 1
17995173 0
39808601 0
74156733 0
71390790 1
27616469 1
69022786 1
64920942 1
86648891 1
96357374 1
52572209 1
67326855 0
63575814 0
76200668 1
42148297 1
48709616 1
29726882 0
47501033 1
68739476 0
55869453 1
73171800 1
98749443 1
39734666 1
64472156 1
39496621 0
68816128 0
99491239 0
17153484 0
12732612 1
24918850 1
99880293 0
48874595 0
90534788 1
32784355 0
18067274 1
44369372 1
49852741 1
35041913 0
46952337 1
23334635 0
6184200 0
52530653 1
38820800 1
48221917 0
99276020 1
13659979 1
64505883 0
15014086 1
20046538 0
23039242 0
86744206 1
35354279 0
55256365 0
13011032 0
55218543 0
5381921 0
55975013 0
31559465 1
5561658 0
95017067 0
56947063 1
59144856 1
23744897 0
6507697 0
81770471 1
89518991 0
51706896 1
80280364 1
51957018 0
83299685 0
19176414 1
86666471 0
69078634 1
70213828 1
21689841 0
71591688 1
13281595 0
68828124 1
34952252 0
57356117 1
7831046 0
93000474 1
96620743 1
79208902 1
20053236 0
57334495 1
81331538 1
12756521 1
40185393 1
70274361 0
35530679 1
39035745 0
18303774 1
88285772 1
39911911 1
86348269 1
51532045 1
47539069 0
40619727 1
20268971 0
89126839 0
64811422 1
1179544 1
49204344 0
40140371 1
94755137 1
78178641 0
86981885 0
76864348 0
6618629 0
96433079 1
95421208 0
53178021 0
69564273 1
2794939 0
99028115 0
6368432 0
33762610 1
12868287 1
85016142 0
94481751 0
27867451 0
10398596 0
63381187 0
38660874 0
15944958 1
40599630 0
17107524 1
14028004 1
26816372 1
23206113 1
71052251 0
99228289 0
54571233 0
18156100 1
20634985 0
16947883 1
11933407 1
34877821 0
74527885 1
33093995 1
88515970 1
73148203 1
16164433 0
1006102 0
11697266 1
63660101 0
87788928 1
23038116 1
22109493 1
66025795 0
54925390 0
64897149 1
33779704 0
45250587 0
35916572 0
25954482 1
824139 1
79862076 0
65715726 0
62441772 0
74096932 0
74169861 1
34370464 1
52507234 1
25711777 0
63234989 1
52781964 1
74177932 1
99918250 1
13216656 0
35049147 1
77290618 1
99473184 0
10970860 1
67877863 1
81482012 1
19789635 1
2941132 1
29547012 1
43977282 1
80743060 1
557487 0
14887994 0
62421134 0
45682177 1
97333312 1
59453820 1
76380941 0
59345876 0
13453578 1
61055336 0
42762945 1
34018506 0
96717159 1
60103901 1
54459758 1
37850479 1
11950489 0
38515490 0
86839981 0
97733866 0
69768993 0
59872123 0
22300003 1
13396676 0
97022178 0
91334326 1
55595288 0
39414838 1
65673061 1
93028731 0
46282971 1
18730008 1
86431199 1
68966531 1
98494371 1
43932483 1
62833749 1
78671152 1
1442249 0
8253649 1
59936965 0
56126485 0
29955653 0
48714590 1
61047211 1
594365 0
51102738 1
14525071 0
42057599 0
72071851 0
30836775 0
32639691 0
31272505 0
24363063 0
75014348 1
38673238 1
65761992 1
17044872 0
34479127 1
1134536 0
47346263 0
89716217 1
23735391 0
26842943 1
6255150 1
42415934 1
80063593 1
45980950 1
28277696 0
27056345 1
95975692 0
21138333 1
81225788 1
38515718 0
9038930 1
69506132 0
7399483 0
56194401 1
14530718 1
87598742 0
32523967 0
54661350 1
45434243 1
60384557 0
11832913 1
32843150 0
39462707 1
35915986 1
5283780 1
98954992 0
75150123 1
4996179 1
9703019 1
50345492 0
88228610 0
22234458 1
70228127 0
73422498 0
70156490 0
68466816 1
3511787 0
60555168 0
4717676 1
84489860 1
17803339 1
66386923 0
46859801 1
20745824 1
51466927 0
97152832 1
87034265 1
46243316 1
56760100 0
31503074 1
75038659 0
38377640 0
81153725 1
99637430 0
81897705 1
67954745 0
670681 1
97850955 0
36636099 0
20006689 1
83229614 0
35249714 0
88504510 0
9162043 1
56461659 1
27149701 0
34206303 1
47249249 1
90530140 0
43805222 0
12153550 1
71505347 0
74327334 1
177351 1
4364046 0
69788164 1
30738996 1
61409146 1
84834467 0
47860397 0
80102519 0
1764082 1
68637863 1
29229573 1
11153549 1
11030399 0
92988518 1
32705151 0
28273303 1
70294796 1
8772822 1
58792241 1
22387925 1
37400956 1
86968354 1
78084141 0
81089368 1
25551581 0
2529087 0
67914731 0
67022338 1
53229878 1
77460529 0
67113826 0
5234265 0
39275246 0
89828401 1
24874127 0
56374033 1
97588440 1
37115856 0
5074692 0
26542794 0
25958319 1
5805428 1
62274467 0
15525698 0
50564231 1
11610206 1
68876160 1
95905271 1
72582678 0
94676583 1
31262513 1
91241070 1
23300461 1
92618533 0
73989578 0
97537636 1
95993249 1
81234653 1
12859679 1
80595033 0
50540960 1
18537824 0
28755264 0
68217277 1
30892925 0
25642803 0
97880834 0
79632682 1
55726321 0
17420284 0
57121837 1
95471736 0
47875984 1
81817398 1
16665979 0
31699111 0
70656212 0
22912784 0
22225080 1
89108420 1
43290878 0
61173658 0
19995203 0
49128216 0
82704440 0
83935777 1
8310487 0
21772714 1
71052335 1
47005730 0
49862960 0
85859373 0
47961703 0
38257412 0
14175526 1
39748541 0
39404435 1
70190909 1
85095823 0
30944027 0
57307252 0
17670460 0
51812291 0
20772316 0
29112164 1
95591202 1
74334751 0
78886736 1
84724724 0
51450642 1
60873542 1
63865413 1
44026189 1
19185889 0
85412032 0
5628349 1
87256257 1
81004189 0
23551334 0
65012111 0
52403167 0
82588815 1
61226949 0
67061467 1
83895609 0
53744720 1
19586416 1
36200135 1
24629889 0
98573468 1
62281106 1
76758398 0
89025389 0
18056861 0
46153207 0
12765808 0
37420685 0
72801147 0
63182486 1
46584988 1
28600639 1
66721466 1
20588222 0
77544382 0
71657620 1
57250589 0
29544440 0
1934717 1
47769871 0
48743219 1
52358234 0
50650606 0
16628884 0
30663791 0
54541709 1
19181080 0
23393092 1
63319395 1
81381176 1
16152343 1
20700031 0
34655364 1
17434998 1
32750474 1
43908550 0
77284762 1
90405556 1
17179366 0
81893228 0
30384143 0
14197739 1
24415593 1
31128001 0
12214826 1
50184874 1
61397379 1
40758822 1
65240104 1
27084959 1
90762736 0
83987117 0
75089379 0
36027319 1
51283868 1
96442853 0
21239468 0
25212768 0
20659820 1
55596081 1
33090626 1
10392071 1
63713140 0
53494874 1
65173805 1
44139084 1
40704922 0
46387073 1
76231010 0
50989522 0
74307840 0
96283481 1
23618264 1
17757011 1
92020091 0
47202715 1
91506594 1
64573581 1
79866270 1
61276014 1
88281924 0
55387292 0
1062112 1
39411886 0
2299094 1
92701519 1
23821580 1
58372859 1
13303852 1
36218910 0
94883756 0
40678251 0
48155224 0
43264116 1
47700232 0
85693089 1
51459488 1
76001109 1
95651976 0
29189366 0
11194773 0
13941453 0
71901779 1
77009161 0
90488898 0
4804050 1
3634620 0
6169988 0
51136193 0
54954866 0
70510473 1
29994483 1
5906754 0
95488583 1
8367097 0
36578880 1
85373266 0
38483414 1
75038988 1
8780388 0
65065330 0
66389583 1
8598357 0
3564793 0
68248672 1
55465198 0
69989189 0
13403337 0
48888050 1
67559933 1
97865484 1
47652262 1
96206978 1
90245070 1
49017936 1
76699565 0
17565435 0
10375040 0
12019093 1
86721897 0
57591505 0
20609688 1
93872813 0
5304979 1
28096255 0
3348130 0
66962718 1
31137815 1
89439236 0
1419484 0
94195822 0
77273094 0
65195758 0
24006541 1
22235495 0
35483304 1
85564121 0
36710826 1
60612410 0
44209940 0
40328408 1
96814113 1
66563816 1
6989229 0
38083086 0
4057651 0
35729379 0
60551543 1
29015336 1
40543965 1
6357777 1
37808879 0
919437 1
48216167 1
20659493 0
84756879 1
1430903 1
6226093 1
20731822 1
85329191 1
23897766 0
78255306 0
67116158 0
53090976 0
45916491 1
86764099 1
8629656 1
80350060 1
32516794 0
55253049 0
718287 0
46852427 0
7554330 1
37173514 1
80793130 1
74116869 1
33078744 1
61244242 0
10641731 1
67982042 1
49993777 1
24406096 0
78841148 1
2193518 1
55662576 1
58981617 0
24355352 0
96256212 0
18580670 0
67081020 0
44279168 1
76436323 0
93624739 0
26057150 1
73387118 1
48895987 1
7655433 1
48898364 0
97582488 1
18177725 0
26626523 1
70050601 1
91070913 0
50563856 0
50874141 1
71404887 0
97481004 1
71064226 1
54125871 0
66470285 0
55361933 1
67501656 0
79996931 0
22652341 0
90312221 0
18804424 0
59814069 0
85107037 0
28390637 1
88442210 0
51843995 0
39934851 1
15207803 0
66249459 1
6798188 0
71041353 0
93421478 1
93728014 1
32546338 0
9676330 1
38749974 1
38713725 0
44718542 1
8305140 0
45539390 0
71483921 0
52924996 1
97399632 1
24829596 1
82499887 1
79899457 0
55012013 1
98282156 0
5047690 0
87056733 1
60090609 0
30602929 1
70042762 0
75516233 1
21609056 0
93991332 0
4714107 1
86402325 0
24799910 1
80671443 0
94859933 0
26325891 0
89107478 0
92066624 0
9764463 1
96895293 1
56630535 1
61514569 1
62048714 0
95255089 1
90457534 1
24901521 0
32391081 1
91585846 0
71869930 0
70513018 0
80148508 0
66255997 0
61253288 1
3137604 0
35097464 0
59579674 0
18640639 1
29713308 1
84955361 0
30184663 1
39086333 1
33201555 1
53315185 0
3292789 1
2553279 1
86006313 1
43511248 0
59385789 1
49224938 0
75405041 1
37772151 1
94839769 1
55292556 0
51517531 0
92188505 0
66697843 0
22731320 1
44563429 1
97505459 0
55863909 1
93437409 1
75018986 1
78962312 0
57923150 1
92464559 1
207673 0
21554101 0
81033111 1
9107638 1
80631080 1
30346136 1
53381081 1
24636257 0
4229592 0
22157925 1
9391736 1
35174666 1
35209432 0
78727912 0
58443847 1
56459446 0
25092271 1
83398191 1
65197227 0
52235910 0
44314839 1
40890158 1
76678450 1
14967022 1
32316236 0
49282799 1
98120338 0
24514046 1
9172478 1
69438929 1
65284224 1
40932229 0
77356632 0
37536214 0
53175674 0
68421007 0
40747741 0
20073236 1
25257606 1
81464921 0
50630180 0
59572750 0
94451909 1
98033715 1
64610019 1
64231223 0
27808379 0
37563539 0
36290354 0
52296537 1
10684629 0
45263442 0
66586409 0
71432164 1
30459576 0
38830798 0
75195445 0
76065747 1
99911063 0
71774544 0
24948667 0
17044483 1
14410559 0
67389067 1
60515408 1
49420561 1
56495591 0
78395303 0
33501045 0
11158289 1
27917868 1
12197271 1
35369547 1
96580544 0
78758156 0
97431141 1
49665914 0
32988745 1
55116839 1
9897005 0
24159088 0
41478351 0
51184749 1
7631497 1
51768263 0
40780261 0
33505568 0
83652590 0
81557388 0
37139463 0
17343423 1
83013885 0
87994380 0
76093859 0
62028078 1
13281941 0
58304865 0
37839902 0
51256141 0
83670730 1
9421437 1
14087507 0
8333864 1
51547000 0
1285412 0
52003195 0
52080935 1
49745543 1
52787901 0
82117447 1
44950654 0
60547205 0
11235635 1
1818466 1
61082312 1
44619428 1
62589693 1
41380830 0
15755617 1
92373775 0
54444170 0
37014084 1
16932194 0
88775618 1
93982973 0
37546588 0
53202373 1
52670436 1
78144955 0
11602045 0
5488929 0
32202961 0
15453810 0
89777297 1
4441836 1
35240854 0
69157796 0
24069264 0
85878390 1
58226430 1
34258883 0
91597551 1
73172807 1
81895250 1
51085855 1
42020589 1
77580989 0
25243687 1
45155596 1
58417968 0
31425643 1
42304515 0
63363857 1
28157481 1
6060832 1
35277277 0
14003170 1
16641339 1
85092818 0
39069218 1
31400983 0
3977622 0
26901490 1
223751 1
41509322 1
2608067 0
65527959 1
66338213 0
65381360 0
76498197 1
88514837 1
19313903 1
85296626 0
65962217 0
64906406 1
73766917 0
38014236 0
88336971 1
28625458 0
70724940 1
30537167 0
81159958 0
32171118 0
71311264 0
78143347 0
62186502 1
23668128 1
80545930 1
67272781 0
29446725 1
21993077 1
69130256 0
56045476 1
55255870 1
23285783 0
1851333 0
31870305 1
14940337 0
3329594 1
181981 1
85668292 1
7422489 0
40564683 0
61898889 1
21564142 0
20925670 0
29257900 1
2436735 1
17571713 0
8890539 1
40905980 1
15107686 0
88226104 1
5977846 1
48713607 1
41048107 1
31823507 1
58305975 0
11670 1
35793971 1
15041971 0
6477996 0
64692298 0
23897885 0
44893079 0
55698457 1
13252275 0
40361690 1
46084390 0
55978196 0
27281612 0
88979201 1
96006963 0
88953789 1
18127887 1
12421951 1
56740202 0
28204776 0
74246198 1
59143405 1
99367799 0
81625385 0
10330806 1
41687251 0
48082627 0
73109070 0
90081592 0
64283258 0
40124163 1
41264596 0
88627708 0
32452828 0
86928789 0
11241472 0
54894791 1
83815063 0
22964315 0
44340350 0
94763499 0
57434802 0
43919472 1
78322495 1
29426418 1
59316625 0
35087923 0
61070835 1
86268169 0
97509205 0
80913384 1
12862408 1
88334638 1
18078467 0
55695089 1
97264785 1
88401151 1
66492732 0
4123223 1
11371553 1
87714542 0
74516502 0
80838113 1
1106766 1
89444047 0
28294479 1
84052372 0
21807796 0
20083895 0
30915893 1
38394663 0
45010642 0
97558900 0
98382223 0
34595296 1
98445350 0
96489957 0
455640 0
1898224 0
44593051 1
35321409 0
37697214 1
22075577 1
61485611 0
73248299 0
94070380 0
7314877 0
89938936 0
46199342 0
26893510 0
97745767 1
36080220 1
72291240 1
644703 1
61642253 1
50687128 1
90060681 1
61566884 1
29786356 1
62505345 1
86136952 1
21914943 1
20039017 0
97640991 0
2754942 0
60738528 1
63505829 0
98934563 0
51652558 1
78162042 0
17636708 1
33383055 0
61785164 1
16450542 0
2711065 1
39959065 0
37982443 1
20622729 0
31790022 1
617034 1
13526890 0
2314531 0
29952635 1
43660308 0
33136772 0
15866220 1
57932464 0
58721259 0
29020022 1
20226162 0
21129529 1
45024616 0
76369953 1
1924607 1
25510798 0
53523053 1
75335880 1
76871336 0
808748 1
10678863 1
57177466 1
40845578 0
85280376 0
36247881 1
2996977 1
45267898 1
85896942 1
923426 0
85027191 1
73827576 0
26120837 1
68544159 0
11175066 0
8580916 0
70222375 1
61988661 0
33481156 0
92353887 0
60080264 1
21404751 0
82392245 1
83427870 0
31313434 0
18969067 0
32566879 0
9043381 0
56882559 0
4839536 0
72537148 1
32208183 1
25705230 1
36500855 0
53482568 1
65954904 0
64948292 1
86305003 1
63980209 0
50857969 1
37573858 1
68737281 1
85060854 0
46985817 1
61339625 0
44951607 1
91633782 0
85286734 0
31896229 0
19380243 0
23310590 0
64277226 0
77956025 0
54766737 0
36146891 1
44705668 0
76649351 1
92749953 0
69025171 1
8476263 1
52546272 1
36482757 1
21673170 1
20991950 0
21327725 0
91942632 1
27649007 0
223924 0
33111154 1
10396636 1
57447685 1
1638619 1
44424325 1
3276555 0
16611186 0
17405222 1
86705485 0
95233615 1
49637833 0
13617736 0
62455547 1
70211035 1
61510253 0
14366673 1
16018802 1
81937709 1
35354943 0
25915577 0
78808127 1
20500162 0
91647503 1
43422937 0
57934843 0
61809469 1
12545411 0
16258111 0
21238425 0
78219262 1
60082057 0
35769422 1
54435485 1
7985645 0
65484073 1
76225021 0
37721282 0
72249163 1
74837560 1
91392786 1
95204395 0
10363974 0
97920767 0
26301749 0
22024647 1
5763055 1
48920479 1
29755562 0
80553822 0
13441716 0
13528824 1
81623922 1
45090553 1
72361302 0
86301049 0
73446092 0
93153865 1
79078435 0
72663536 0
44299637 1
76976221 1
10698660 1
5040986 0
92845199 0
45492148 0
55991408 1
58023673 0
86312904 1
43122094 1
11355427 0
93197487 0
74206411 1
14779981 0
46903997 1
57209167 1
50371589 0
71004531 1
47322635 0
6170748 0
51907160 0
1124271 0
79876102 1
13053302 1
459679 0
53184837 1
59762754 1
6191086 0
30753401 1
67033165 0
280806 1
65917743 0
75142153 1
5726684 0
19585524 0
17887343 0
71983957 0
64860003 1
82369462 0
62797538 0
45397347 1
89357502 1
82515386 0
78026084 0
33799103 0
46196658 1
20906616 0
84376656 1
23198439 0
30550323 1
76679793 1
41397727 0
22426711 1
88467468 1
7463511 0
72638350 1
41050107 0
55646686 0
60638603 1
63664284 0
24266076 0
44711762 1
60346768 0
6046429 0
84164033 0
59268268 0
13452976 0
21972293 0
68530583 1
28770787 0
89397588 0
90537849 0
68695090 0
23080406 0
41698366 0
97363948 1
66727230 1
99219233 1
82693240 0
87936742 1
34003474 0
42831594 0
58040704 0
90971878 1
19697440 0
88577650 1
55501651 1
69217791 0
27215273 1
29530746 1
21571089 1
49979329 1
23542890 1
43933308 1
30099720 0
86667333 1
55761910 0
66355233 0
11363003 0
97694984 0
25673526 1
67246312 1
7488442 0
39862737 1
21971393 1
59245127 1
72436444 1
8518415 1
78327951 0
48384543 1
92371656 0
81820971 0
35899942 1
21324482 0
26736902 0
80015114 0
15892291 1
38931514 1
33550191 1
90182129 1
43558647 1
65187708 0
90300134 1
45926280 1
1534739 0
75708594 0
22675911 1
66927144 1
79464563 1
21829347 0
55085746 0
68084194 1
16420593 1
