3072
20237913 0
35598031 0
43408539 1
71801559 1
11096860 0
77517946 0
17251920 1
67286662 1
62608551 1
39063913 1
72455544 1
28207174 1
23585305 0
85246876 1
29804948 1
40497834 1
72746086 1
55270908 0
27200274 1
33025327 0
52489319 1
16233408 0
25860450 1
46252836 1
18086574 1
90202929 1
91560962 0
38352790 0
18985613 0
14582819 0
11171835 0
20885480 0
50241476 1
65715919 1
6308051 1
59301973 1
84775589 0
42622104 0
35208510 0
71342520 0
27690354 1
22901178 0
38074121 0
11701398 1
58275727 1
99901177 1
14995899 1
34061559 0
75221322 0
61808780 1
43796085 1
78054436 0
77253577 0
77355288 1
32297149 1
86396974 0
8894992 1
39377172 0
21871135 1
68775987 1
95199782 0
93738324 1
54540966 0
81420974 0
59425372 1
23049267 1
97904672 1
17195153 0
29386749 1
24595004 1
81262997 0
32518397 0
35732850 0
25416139 0
83070653 1
70208376 0
48722271 0
11054629 0
57021639 1
7766401 1
2922384 0
74917085 1
50487970 1
35103285 0
26614620 1
64881690 1
88507234 1
91815031 0
44273682 1
81429668 0
45603938 1
76617617 0
20117466 0
87722220 0
6751892 0
93666386 0
23790806 0
97713903 1
11146727 0
35636692 0
97102676 1
42841967 1
88392472 1
55638948 0
5631168 0
28375698 0
14001426 0
51890775 1
48050084 0
93726794 1
28835731 1
96562582 1
55085541 0
75930795 0
72129541 0
82067004 1
3289843 0
52863610 0
66896545 0
24919445 0
61692930 0
75168642 1
13113459 1
55096012 0
66457936 1
9149008 1
25376766 1
87062818 1
30004071 0
6819056 1
63697621 0
92305473 1
313158 0
53411700 1
16240854 0
57056513 1
851206 0
51773647 0
88049009 1
69132490 0
80287205 1
15278613 0
95346199 0
9024863 0
93000549 1
17017571 1
11434407 0
22746169 0
48759057 0
68489976 1
34409340 1
58150693 1
40079919 0
14363863 0
76332225 0
62725768 1
90705077 1
25798949 1
55037267 0
89569346 1
29328087 0
85926112 0
19950583 0
70527763 1
20880354 1
86018619 1
43258472 0
72723040 1
9281754 1
38402150 1
48280575 1
32532946 0
81507781 0
45707316 0
8782857 1
1272889 1
97767674 0
71079676 0
99101341 1
78011730 0
9658371 0
68770023 0
85099114 0
70422733 1
60669862 0
7645714 0
14900344 1
68085470 1
43223887 1
98364587 1
31803153 1
19607665 1
71343677 1
25988680 1
64048709 1
23095395 1
48313741 0
14044497 1
28330144 1
78855146 0
62476494 1
64679849 0
80419196 0
70127966 1
62491608 1
7299813 0
98519830 1
67333207 0
88135901 1
50404835 0
19209344 1
1890192 1
7948963 1
83713237 0
17651559 0
39000554 1
48203009 0
61298460 0
84303502 0
49033689 0
37159074 0
65778775 1
75690653 1
93240946 1
31842641 1
93712174 0
81633926 0
55528484 0
40953666 1
37679372 1
38223267 0
83140171 1
99870344 1
14635346 1
69489330 0
70997991 0
80145059 0
26454938 0
13598076 1
17853855 0
25583139 0
81489373 1
97126234 1
22384210 1
5486345 0
16130145 1
22098514 0
14998052 1
15233668 0
86387583 1
92416036 0
56405099 0
42630029 1
52742549 1
15057440 0
77203349 1
53578963 0
56159470 1
70454416 1
55677347 0
54926807 1
96174024 0
62035547 1
41412910 0
62056410 1
17991622 1
95362758 1
48178466 0
74000577 1
14885599 1
23792108 0
64205024 1
7195366 0
90595617 0
96678633 1
66320999 1
72126295 0
39311577 0
32990215 0
6613822 0
9450010 0
34839593 0
9285621 0
2516668 0
69748221 1
93509621 1
2438471 1
89445338 0
26634570 1
96487640 1
82030762 0
56380635 1
26940978 0
37219804 1
46993745 1
2442380 1
64079908 1
98582181 0
11564931 0
37490195 1
38045313 0
77355295 0
73111622 0
47498676 1
28321859 0
65201990 0
7593140 0
90590780 0
44605648 0
3406546 1
10262394 1
97790674 1
39647023 1
48156984 0
47791082 1
5219360 0
88975753 0
18956722 1
57176591 1
51639938 0
5314085 1
84963692 0
68902559 0
86967760 1
34100689 0
86269767 0
78330457 1
18667518 0
5897162 1
22063888 0
17212853 0
9136258 1
2524673 1
10292411 1
2922598 1
51513649 0
94680752 0
58772843 1
74272114 1
78280643 1
76459291 1
63297491 1
17286404 0
19346542 1
92397037 0
58498314 1
30947353 1
94718333 1
91319014 1
31646865 0
99562542 1
3406600 0
38209056 0
36277409 0
37484030 1
26503473 0
40769251 0
74364393 1
97339378 0
5766323 0
78743298 0
79945804 1
15159538 0
6349351 0
97930799 0
73115908 1
86608223 0
30642929 0
16935821 1
57721862 1
27152330 0
26466524 0
90774044 0
96429688 1
66405494 1
78690116 1
18271859 0
2673621 0
18122040 0
73737775 0
61915261 1
5985192 1
11343081 1
99756843 0
7064528 0
37169562 1
78702756 1
26229674 0
51838660 0
67138384 1
98811806 1
46808224 1
3265957 1
6437300 0
91482466 1
65610071 1
61784865 1
51747517 0
59136831 1
41644215 0
62107087 1
44284538 1
9402001 1
69813577 1
84779547 1
67213103 1
71346482 1
17086190 0
80711362 0
68183519 0
70905320 0
73925270 0
39532982 0
65812613 1
4195219 1
26349737 0
17741795 1
18471822 1
86296304 0
10081482 1
19804459 0
78135483 1
21208221 0
84011645 0
3508305 1
42341002 1
76173168 0
13992533 0
81585269 1
96163572 1
56988353 0
53797435 0
41725766 0
64573709 1
37328450 0
76713409 1
43274405 1
28603985 0
61579573 0
5198821 0
37200491 1
83512215 0
28898372 0
47194441 1
52471777 0
68851996 0
46105903 1
21335283 1
10116080 1
57437992 1
96332515 1
55072879 1
64073893 0
30739262 1
6427827 1
74585945 1
83012009 0
11864420 0
75902203 0
27174540 1
70052671 0
89484741 0
49375807 1
10166127 0
29228375 1
62796339 0
52376646 1
35213932 0
2918015 1
17989593 0
42800952 0
33839868 0
34120503 1
16036224 0
44851221 0
10697271 1
36951967 1
90920415 0
83580933 1
28075976 0
76670525 1
67011474 0
17964288 1
27915557 0
66588544 1
56226414 0
95877044 1
86381749 0
47962668 1
31519743 0
50488821 1
68722477 0
2436413 0
81292435 0
59168736 0
77284963 1
95455905 1
21349488 1
70175798 0
86077230 1
42565357 1
22450317 1
60028822 1
48289714 0
7884654 1
60736282 1
67130284 0
90128824 1
41980412 0
66338626 0
79357351 0
8353787 1
27904521 1
32696892 0
26743739 0
89828404 1
85853602 0
1272232 1
44857180 1
76650018 0
11289834 0
20390174 0
11978060 1
79125219 0
15106104 1
48930168 1
90315132 0
4713098 0
51798570 1
61966617 1
62229204 0
87261126 0
10071491 0
46948892 1
36140680 1
56565746 1
77761866 0
12926491 1
24646861 1
66487848 0
71474785 0
24255570 1
27806213 1
93749713 0
46848328 1
50768120 0
59361653 1
38294889 1
39349089 1
39339673 0
69561750 1
46001218 1
57513737 0
65443625 0
57749366 1
88919255 0
31559197 1
78977978 1
56972896 0
45137882 0
74543285 1
46669652 1
22737388 1
16774990 1
82703418 1
27622283 0
17036755 0
58223982 0
34430729 0
28154929 1
32554549 1
20076291 1
64591245 0
43138648 1
34436860 0
79822706 1
96292088 1
89660139 1
20798386 0
41325222 0
85587388 1
4049721 1
34477652 1
19005898 1
16773892 0
73678621 1
62928346 1
23161277 1
46573564 1
63107250 0
58559528 1
30512461 0
62571604 1
52538307 1
41445081 0
17961165 1
95385557 0
3924894 1
57385147 1
30189752 0
24632904 1
77993665 1
61477651 0
56058764 1
97885459 0
69484300 1
30340567 0
24517640 0
62408405 0
27015114 0
44185342 1
71097763 1
2704643 1
10476083 0
72849295 0
72920646 0
50646952 0
28247533 1
13532060 0
36250338 1
39700160 0
79156293 1
76011075 1
17394777 0
43806016 1
45686063 1
93253976 1
3493160 1
79331883 1
49770816 0
32836607 0
86790679 1
11849395 0
18482141 1
51047806 0
48247231 0
5326131 0
75783300 0
32431512 1
83184170 0
86484394 0
79582142 1
20208947 1
91767908 0
40076937 0
2615481 1
36455173 1
51623870 0
55225632 1
47397875 0
33856745 1
94086090 1
93497777 0
81361231 0
56490377 0
87511247 0
16722694 1
59033001 0
56723667 0
30723623 0
22057795 1
26749757 1
90767612 0
37155719 0
95523959 0
94957304 1
5237862 1
76645583 1
95408418 0
62902741 0
20899771 0
53759175 0
48219789 1
59382840 0
5937196 0
68110886 1
31349190 1
45331395 0
30175951 1
23085232 0
2464285 0
90467851 0
88550731 0
9077504 0
4039175 0
15246758 0
12170136 0
33105644 0
80428320 0
3110139 1
35049872 0
37054771 1
23027958 1
34044049 1
89248844 0
24702875 0
76628206 0
46141827 0
61422125 0
6859378 1
23165825 0
40865967 0
43604930 1
59652296 0
69464483 1
53412605 1
48376831 0
79445814 0
42764538 1
47806176 1
11543001 0
20511441 0
71139734 1
14774377 1
71808443 1
92607532 0
10861588 0
77877529 0
99053991 0
47960533 0
77571812 0
82541491 1
56520804 1
60026741 1
80053890 0
9647518 0
20242226 0
81494010 1
64601046 1
43471638 0
51705516 0
5920531 0
88726154 0
77078780 1
52907195 1
47375328 1
40490405 0
46709199 0
41521895 0
60374158 1
30073411 1
76576506 1
8477493 1
30393498 0
6375878 1
42624147 1
46317637 1
20568356 0
34202339 0
22137981 1
18104712 0
62643770 0
25994859 1
15678137 1
13778267 1
1631400 1
84506691 1
75426584 1
24200940 1
26236496 1
91594866 1
72042350 0
74511677 0
60033879 1
47990168 1
9952941 0
39511465 1
82259181 0
99915910 0
37769009 0
89175311 0
61395211 1
98433543 0
21797902 0
92588454 1
64494672 0
95587708 1
96840158 0
36842782 0
63146525 0
83129248 1
67668808 1
40524959 0
12530365 0
71086584 1
59142948 1
25233601 0
20057708 0
41051891 0
73580817 1
46411581 1
60688500 1
20446253 1
78691314 1
34534143 0
94411933 1
78756823 1
24179929 0
81792350 0
46597914 0
53050512 1
55031934 0
74803141 1
1572022 1
81792919 1
37802467 1
76365533 0
45229216 0
63728307 1
47983662 1
50745256 0
83783326 1
69566829 0
55815860 0
43619862 0
86321401 1
67902770 1
42849098 1
99915631 1
5778780 1
26311012 0
44323188 1
34765405 1
71768411 1
72331953 1
55121479 0
83017255 0
57168954 1
54999515 1
54821745 0
23063105 0
66620335 0
61257462 0
88078563 1
55285481 0
77866315 1
582495 0
36259885 1
60137084 1
40446679 0
2812861 1
61586487 1
25054670 0
25040431 1
24615753 1
38133408 0
98344989 1
58307523 0
39092252 0
99300814 0
57936765 0
22756753 1
68835767 0
59529164 0
4808519 1
705240 0
637216 0
54067652 1
73307644 1
66589516 0
39978038 1
32384154 0
78438387 0
42631967 1
67379355 1
61445263 1
22530319 0
64713133 1
57200689 0
27638980 1
13437453 1
83771012 0
82528195 1
42260557 0
40721002 1
87036973 1
74502287 1
31093765 1
64258995 1
28974215 1
49299994 1
2657878 0
37776001 0
37692084 1
9543585 0
83357177 1
70145629 0
45546693 1
44001729 1
55483754 1
49921804 1
60753531 1
70165902 0
81030375 0
88236456 0
239597 1
34968940 1
60848956 0
64541762 1
86544893 0
37344746 0
89176554 1
15935614 1
39482471 0
68047316 1
74712274 0
8178940 1
61693556 0
12870453 1
27119242 1
47676454 1
21531235 1
90737959 0
75175254 1
41727027 0
59364069 1
21837535 1
34178905 1
77687321 0
52202127 1
40687723 1
98972615 1
73660241 1
21085277 0
70330778 1
36209229 0
53708834 0
99535774 0
84267660 0
95566655 1
16545528 0
48707422 0
40251006 1
97169685 0
68300314 1
23389379 1
57919722 1
66185859 0
40373098 1
93429283 0
58867572 0
41045961 1
71065719 1
87920490 0
62890260 0
56919591 1
94308431 1
2421752 1
45522848 1
86217274 1
99706700 1
53441822 1
80373961 1
99834253 0
80699483 0
8046279 0
58793526 1
73138581 1
60123829 0
52595436 0
53652905 0
95229219 0
50799132 1
27339000 0
27477673 1
41077948 1
80249375 0
52519538 1
35707164 0
18763305 0
50197725 1
42160038 0
88609885 0
72220376 0
23861198 1
44853983 1
53769001 1
67924575 0
75742990 1
97360657 0
90285689 0
18175525 1
22929924 1
31501074 0
55031187 1
47398058 1
17098790 1
63597355 1
97314823 1
24980122 0
64140375 0
68134583 1
84512506 1
7446128 1
64643482 0
41357960 1
86439916 1
1320543 0
26463352 1
54064310 0
61260118 1
50142149 1
67367348 0
10362964 1
3231953 1
58592597 0
49392003 1
7532247 1
66255197 1
89718890 0
73551203 1
92183006 1
82341876 0
95030198 1
10080713 0
21214088 1
36657042 1
17700164 1
91997080 1
88293397 0
8829361 1
8658364 1
8410160 0
60833524 1
63174105 0
34445037 1
59162068 0
15184628 1
75757298 1
51116285 1
50115596 1
84898934 0
74806961 0
15442767 1
61114283 1
14794966 1
65688074 1
30662278 0
30313632 0
63090259 0
30390592 1
83336010 0
85111405 1
4944060 0
3766635 0
79134900 0
40696020 1
95205212 0
48008801 1
43934146 1
98100107 0
83700858 1
65676425 1
65501209 0
99848114 1
8018634 1
44544579 1
10581150 1
66577360 1
70875188 0
43579652 1
66800141 1
91317941 0
44808619 1
62554413 0
17798067 1
99146475 1
32939377 0
42839703 0
32673394 1
89989847 0
38159952 1
39582817 0
17766425 0
72665607 0
50042291 0
70393156 1
62892746 0
74836162 1
61760493 1
98601065 0
15481072 1
56489858 0
67834904 1
54963153 1
8216570 1
53723774 1
42087409 0
25625165 0
45351611 0
96743308 1
83404098 0
87351024 1
15677351 1
16264838 1
29078448 1
88894581 0
17778954 1
83134905 1
21291210 1
80715871 0
46226131 1
88814317 0
62267236 0
34530464 1
52846989 0
53130847 1
22335472 0
68533837 1
9485515 1
85076721 1
24060566 1
52415230 1
34427412 1
38569978 1
28818946 1
22189639 0
81692065 0
85124803 0
82269188 0
25478696 1
4339545 1
27981258 1
7588680 1
91128256 1
92833406 0
87490142 0
9750121 1
81785975 0
58048376 1
727971 1
86966037 1
2751725 0
50451660 1
76245482 1
4673251 0
54541057 0
92917523 1
83593540 1
36908921 1
17916527 0
62431279 0
84769501 1
16168144 0
42916378 0
43107899 1
55600382 1
71167873 1
2064034 0
1749707 0
22065595 1
69642010 0
7818632 0
22810964 0
79718382 0
50923055 0
77342851 0
61492907 0
8936279 1
94111308 0
97389458 1
55981206 1
30015027 1
90043315 0
91571986 0
51457604 1
79696965 0
78643427 1
48596549 1
93627087 1
23191846 0
78270507 0
34425078 0
36776667 0
98003136 0
38865315 0
70899061 0
4775819 1
90696091 1
16802930 0
2348965 1
6934700 0
92083260 0
78841012 1
25385350 1
56661645 1
30194111 1
59109700 1
67759040 0
21010722 0
10964537 1
2794993 1
82166885 1
20996272 0
31368824 1
10103621 0
88203337 1
12359467 1
9794278 1
36100812 1
6052852 1
44269150 1
67613454 0
37547366 1
41995079 0
93070394 0
78269190 1
35563938 1
74872570 1
90453080 1
91765015 1
98791167 1
49492924 1
26884600 0
56763432 1
2083229 0
83065814 1
24296050 1
39772311 1
96322862 0
10763339 1
15215858 1
72055802 1
57134872 0
82968338 1
23693894 0
99514091 0
42019781 0
40058032 0
85929700 1
94829647 0
36780898 1
41826356 0
87026820 0
6957066 0
24503418 1
78332385 1
15399025 1
65313454 1
57506730 1
83168365 0
22570536 1
47787172 1
36678749 1
70858847 1
84705283 0
62386617 1
45416318 0
93644399 1
99920958 1
44454769 0
80248111 1
27178154 0
65436471 0
13580580 1
48327489 0
8454514 1
4038908 1
41741028 1
42521309 0
40051528 0
45315474 0
61905421 1
38339917 1
91101619 1
95683398 0
80466853 0
21429907 0
36108046 1
16607102 0
49861783 1
46151076 0
70183386 1
80179512 1
72050142 1
3823335 0
27304209 0
40621214 0
97292958 0
26814439 1
67772617 1
32807488 0
93689226 0
82241492 0
15372986 0
7740795 0
61605993 0
99373307 0
38261521 0
97336405 0
23974514 0
82284936 0
19103209 1
74948487 0
2796391 0
95147264 1
93312908 0
83477305 1
62645807 0
63178630 1
15756418 0
34739269 1
4059638 0
63421637 1
53454863 0
64696210 0
12822549 1
90665925 0
77392452 1
79168470 1
26693390 0
31909043 0
71051205 1
74175506 1
37758392 0
25042507 1
34725962 0
33188271 1
56936618 0
71515536 0
93572503 0
91228992 0
20579007 0
70181105 0
34664507 0
77903679 1
2779674 0
64097762 0
71067453 0
92105269 0
46368358 1
61303513 1
29965128 1
60231322 0
69091286 0
30905126 1
81149461 0
74368764 0
5866393 0
67079707 1
91544335 1
20985889 0
26541888 1
89026301 0
82034345 0
15900379 0
97630445 0
15422558 1
70229660 1
78471632 1
40100061 1
19591045 1
9497936 1
2241839 0
32223942 1
88888837 0
35868092 0
52687917 0
2896006 0
3339280 0
56074058 0
23278145 0
89205552 0
87622159 1
39647599 0
62978316 1
30631603 0
17091858 0
77487075 0
97092840 0
2590762 1
42298063 1
18855285 0
78923481 1
65666370 0
17744416 1
26154235 1
96158625 1
2429377 0
48817742 0
14342546 0
72587957 0
9689443 1
92870555 1
81852935 0
4450381 0
95461143 1
83814586 0
44366166 0
6286575 1
19115437 0
22550543 0
53480936 1
62365982 1
76419344 1
80424134 1
75920525 0
31225445 0
38380655 1
41702270 1
83770547 0
2872950 1
93600341 1
38642813 0
16970950 1
3814058 0
9522167 0
18462475 1
4534315 0
52396065 0
79030592 1
15527981 0
94435428 1
10191363 0
57569560 0
10561 0
89153640 1
4335333 1
83681279 0
14538433 1
36093638 0
96115971 1
4600947 1
64373620 1
63552589 0
65620225 0
97749269 1
32784864 1
23414068 1
75721735 1
19500830 0
50437600 0
35370990 0
92048457 0
5427419 1
1903711 1
39863660 0
33491925 1
10105897 1
46384251 0
1066611 0
62852744 1
93841571 1
66551884 0
76995981 0
88158029 0
21397750 1
7442615 0
61209076 1
38840051 0
404795 0
47141033 0
62956078 0
19209961 1
81292001 0
65948232 0
82953673 0
37205355 1
27282911 0
62038183 1
71510013 1
41868093 1
24689770 0
35428109 0
53668709 0
21844536 0
71976609 1
13021174 0
16785502 1
89837398 0
76127686 1
58730827 0
87556895 0
48675395 0
89795310 1
82056485 0
14348304 0
2053185 0
50056389 0
26025272 0
40962125 0
89823647 0
8944934 1
38116155 0
19315095 1
16894424 0
98353237 1
54341485 1
71261351 1
57363683 1
18261570 1
52343373 0
63095357 1
43560351 0
62110697 1
86056885 1
46633557 1
90938998 0
9778878 1
26083108 0
40554077 1
32152299 0
37434415 0
57400750 0
23911094 1
75677508 1
21445049 0
50280524 1
52976017 0
1262421 1
62449887 0
941157 1
81040874 0
79878250 0
83032712 1
89754567 0
54587002 1
86453647 0
88345922 0
20128587 0
99766819 1
24240694 1
65187068 0
18342724 1
57374742 1
46272236 1
1851924 1
5534189 0
71248800 1
57779477 0
99279095 0
54760210 0
99347798 1
65410522 1
8694730 1
26345166 0
20662340 0
67932248 0
26349065 1
67297654 1
33844033 0
32471687 0
10147087 0
42221431 0
7706172 1
30553143 0
1439246 1
55854844 0
5508493 0
64338211 1
51393200 1
88126727 1
50767407 1
50289866 0
94739694 0
7993385 0
58048843 1
44800213 0
66256829 1
31968799 1
41195805 1
69250088 1
71921757 1
95327075 0
64459894 1
38314542 0
6356823 1
62464088 1
55183118 1
40931554 0
53020323 0
59833477 1
63493826 0
8988646 1
58913129 1
55962168 0
83450231 0
53509519 1
94358256 0
15913190 0
79060498 0
37256306 0
59558708 1
89379353 1
53432518 0
79745518 0
38735533 1
19538278 0
54422933 1
88228433 0
70542339 0
57373470 0
5798070 1
38116437 1
78366917 1
79028054 1
85869478 1
96232382 1
74631095 0
75895721 1
83626831 1
64261118 0
26926593 0
64194129 1
67287285 1
98617805 0
63630410 1
21333236 1
28013544 1
72789148 1
62835196 1
56027863 0
22619663 1
63546124 1
70660261 0
2082436 0
88769961 0
59048204 0
70513267 1
18511909 1
5627958 0
6593630 0
60316836 0
45283136 1
80143227 0
79857231 1
75068611 1
98858001 0
36482439 0
91330740 1
35522961 0
23914967 0
59937987 0
20483717 1
49087269 1
95770647 0
95910427 0
93519039 1
55450053 1
90329938 0
80234976 1
15378321 1
40239019 1
27935235 0
8447204 0
16006322 1
77340288 0
56756370 0
56030927 0
66834803 0
50237982 0
69928027 0
13560265 0
80641630 0
6173773 0
94534678 0
10935834 0
42522988 1
47465802 1
83731666 1
80298364 0
92262741 0
67401810 0
81332491 1
51421040 1
53756 0
64523965 1
91879848 1
61555975 0
195603 1
51907830 0
32655765 0
65194899 1
20141377 0
65752565 1
87356352 0
45569200 1
14364638 1
14159333 0
56885964 1
41447988 0
90283186 1
49216249 1
23648057 0
78842663 1
53498467 0
99087202 0
85064273 1
5376999 0
18871043 0
66930638 1
66764218 0
95336678 1
38814162 1
70959992 0
21271914 1
47148441 1
50331198 1
66459244 1
40051921 1
46370709 1
40672320 1
77853159 0
30420702 0
72685444 1
51066054 0
86652647 1
41628484 0
84706527 1
45721317 1
93689627 1
30333975 0
50736147 1
42058828 0
28460034 1
30938216 0
69809103 1
68282029 1
94732692 1
19845067 0
9806074 0
34528093 1
57897524 0
76015131 1
54233502 0
73919780 0
65949081 0
14450687 0
26329869 0
93344080 1
52644391 0
28851696 1
81439482 0
27192567 1
25000204 0
54169607 1
68534658 1
26783057 0
56675772 0
4528647 1
27531729 1
2609299 1
64345969 0
95201306 1
89807062 1
64831780 0
4004207 1
56088616 1
93822796 0
5248283 1
29252992 0
59341772 0
27277366 0
27819586 1
67484662 1
548103 0
22284791 1
27743418 1
88910607 1
15373735 1
84748853 1
10242028 0
39073354 1
74875153 0
70976438 0
16074060 0
33522462 1
82064308 1
29003251 1
81976478 1
11830515 0
69901484 1
55576044 1
86817128 0
74157135 1
48643364 1
27897428 0
1500065 0
23774281 0
51002606 0
80260494 0
79946074 0
21044621 0
79716741 0
76012036 1
73552292 0
14789111 0
55191353 1
31182710 1
40347361 0
92558471 1
91063562 1
53887061 1
91072427 0
69036002 0
82465301 0
59400394 1
32288845 0
45748197 1
4501166 0
43607824 0
48747677 1
50184747 1
65939452 0
65747918 0
19797857 0
10965768 0
52810583 1
12115740 0
75774171 1
29633863 0
76047956 0
32168209 0
1687991 0
49507117 0
52314976 1
25705911 0
44270100 0
59309930 0
43749373 0
78161948 1
92886778 0
35220145 1
86149754 1
35241989 1
49483829 0
58798623 0
69817557 1
48805879 1
52404829 1
73249432 1
57589918 0
76082267 0
80017158 1
47718231 1
17268551 0
24582633 0
39575579 1
35143291 0
81865729 0
99680633 0
62404612 0
74639977 0
29170426 0
44866412 1
46041048 1
41253643 1
52191179 0
76578053 0
91444742 0
13349754 1
25802504 1
5712037 1
27754787 1
86211636 0
67510801 0
10197732 1
38060744 0
70461793 1
66023085 1
79104888 0
91823363 0
59323524 0
24553810 1
7495006 1
81580231 1
27205107 0
8506276 1
44466139 0
81335311 1
31573992 1
53088590 1
74251079 0
19078913 1
70682818 0
56625878 0
11382232 0
3118469 1
47900139 1
34396818 0
6677626 0
55219853 1
48975201 0
48309792 0
8811946 0
42488892 0
59049964 1
5351547 1
28407274 0
99808663 0
288311 1
52351908 0
24390461 0
11944595 1
48139290 1
54866594 1
98850330 0
38255630 1
90280727 1
1155857 0
96012331 1
77201949 0
62217121 0
20777728 1
14231074 0
27122987 1
22493956 0
35175460 0
71801611 0
68137702 0
9749068 0
99474 0
41005466 1
68602033 0
95600745 1
17246506 1
36373743 1
18603758 1
83725657 1
78199896 1
96787779 1
8446876 1
71075646 1
20849509 1
74280852 1
76493626 1
50558568 0
35693817 0
25495261 0
82708562 1
47917459 0
55215272 0
27296799 0
88720645 1
9051736 1
26214424 1
63282712 1
20721919 0
45014729 1
48785221 0
40829106 0
59809380 1
10518478 1
84153902 0
22973902 0
12019480 1
91943641 1
52652824 0
20141256 1
97376239 0
59143204 0
57280284 0
55593518 0
67651826 0
85124861 1
24823825 0
8265280 0
36707429 0
62901145 1
58299972 0
38444332 1
1530888 1
88513445 1
59083881 0
85715246 0
56643177 1
55274472 1
89785499 0
92027797 0
3222513 1
43393777 1
99161833 0
75146806 0
34447388 0
53688138 0
47948664 0
52078959 1
40202527 0
72824093 1
19681298 1
7497440 0
60946121 1
34825713 0
80506280 1
36146457 1
76431247 0
54369309 0
30826674 1
12135892 1
87073877 1
68270554 1
45035936 0
27634883 1
58093685 0
41397000 0
94172706 0
19979142 1
59285362 1
59592066 0
98112712 1
95215343 1
93221151 1
72077332 0
97587822 1
18927823 1
94798197 1
7529443 1
23820262 1
60743868 0
49269797 0
27750822 0
49741860 1
62646573 1
2846044 0
92927751 1
87909982 1
2306861 1
20567579 0
63830126 0
99433619 0
455235 0
25295772 0
91242973 0
62978945 0
50539106 1
66990460 1
82489070 1
74998592 1
36598369 0
84940460 1
60431478 1
66321238 0
4779676 1
31581437 0
31962595 0
13397391 1
3303280 0
88740916 1
50085866 0
11711024 0
1083499 1
8772625 0
30063635 0
41905648 1
10310094 1
36326370 0
93306578 1
44395588 1
70261387 1
96449365 0
22676719 1
89351216 1
2345780 0
85171884 0
16556495 1
35174051 0
49995736 1
91327660 1
12960931 0
94565494 1
55566621 1
76249102 0
31534141 0
66528540 0
1966729 0
49571987 1
42437152 1
44658303 1
98070808 1
97910517 0
54868071 1
430062 1
75487584 1
45785659 1
42703649 1
19050111 1
62537103 1
35528714 1
88550561 0
85282820 0
29182024 0
6391369 1
28738834 0
6167387 0
2392887 1
12883920 0
30677339 0
22583829 0
8454108 1
54840384 0
62693387 1
19760384 1
49510524 0
36854880 0
56352753 0
32225509 0
44206980 0
45318905 0
67705276 0
23627212 0
29088064 1
4992730 1
8621368 1
64687578 1
69121884 0
26092387 1
68172484 1
57907296 0
73419239 1
8411501 1
55050797 1
93309171 1
18098116 0
40592930 0
50817061 0
81221920 1
64678884 0
29843054 1
90661856 0
7486796 0
42294878 1
6211103 0
11099298 0
47460009 1
57778006 0
86564503 0
15821270 1
96051448 0
22302020 1
88462062 0
2569029 0
80691404 0
10381784 1
91344081 1
34138165 0
59387425 1
47586953 0
65784208 1
50566727 0
8795560 1
53301828 0
65384583 1
3335040 1
54658902 1
19973816 0
56274924 1
65066260 1
28467364 1
66492351 0
96916668 0
44715905 0
82682017 0
63232974 0
80091703 0
41686312 0
24636336 0
63686762 1
89975154 1
47177161 0
11780514 1
7709126 1
44163457 1
21673156 0
96849168 1
17834713 1
2769569 1
73518808 0
14188204 0
91111712 0
57112435 1
59851050 0
30943719 1
95830089 1
58934861 1
75254833 1
12537501 0
26230596 1
68496618 1
66246567 0
59303413 0
61302447 0
44562270 0
79093206 1
73071134 1
97119469 0
73117130 0
32413147 1
46756191 0
42737751 0
49645821 1
21918778 0
37264451 0
85571354 0
50199053 0
32109909 0
73805355 0
99684114 1
58656963 0
25016760 0
7482347 1
19722275 0
87604619 1
47656339 0
73091960 1
5474656 0
69436877 1
73337824 1
37266321 1
64465355 1
85293660 1
71123077 1
36403940 0
11192000 0
17437923 0
7649991 1
23729870 1
33798634 0
76357459 0
13127905 0
26520256 0
39163848 0
583439 0
10516851 0
29907131 1
10467867 1
99353052 1
86760776 0
72721148 0
35282997 0
40622404 1
50827193 0
57252320 1
24360944 1
35025888 0
41075578 0
81652710 1
1088045 1
90708441 0
12265806 1
82321557 1
30027952 1
93266366 0
40976382 0
45220468 1
89980126 0
13042745 0
77259306 0
57816016 0
88165718 1
51753670 1
30707690 1
39094170 1
16194016 0
27869155 1
46425706 1
93551028 0
69674011 1
42292454 1
77875970 1
66229620 0
13341322 1
46181797 0
95266976 0
92795608 0
6517876 0
84465288 0
66428646 0
82234357 1
7806904 1
71037981 1
10231506 0
47015084 1
30067170 0
876112 1
93203166 1
6701707 1
94411236 0
89409874 1
93805939 1
38899767 0
46980567 0
88576762 0
86474069 0
71137988 1
16678663 0
25953641 1
58708753 0
15378748 1
16419025 1
25189870 0
24228743 1
25884246 0
85426842 0
43466988 1
63375931 1
21595808 1
1348508 0
73212761 0
16028907 1
57474468 1
57759229 0
64378344 1
90791574 1
2175660 1
17383188 0
18885249 0
59080338 0
82617937 0
42167889 1
93508785 0
39262788 1
12857413 1
92989229 1
94824482 0
75512302 1
86908456 1
25997253 1
41103149 1
53129951 0
31016658 0
57276034 0
40799283 1
43600154 0
94630298 1
80074634 0
32676767 0
8179308 1
41944011 0
62795065 0
11858673 0
88435247 0
11369643 1
16333278 1
45188113 0
15916715 0
7532366 0
46198737 1
56529698 0
32986369 1
40694362 1
83539544 1
9700339 1
57919174 1
50391572 0
12593745 0
96139746 0
90190348 0
12416318 0
21411286 0
83140416 0
67002685 0
91627260 1
83985733 1
73802519 1
60895899 0
49300681 0
40766746 0
6206088 1
86839055 1
13087247 1
83661794 1
65008639 1
62932182 0
64382463 1
66242259 0
86484587 0
84004478 1
12584572 1
31553766 1
78847554 1
28384989 1
95539495 0
59730228 0
25915421 0
56536892 0
98854415 1
14948103 1
61794577 0
1992081 1
72025607 0
68557922 1
53127707 0
35765607 1
54674088 0
64157806 0
51957242 0
60878451 1
61511493 1
25296241 1
21085182 1
83028970 0
1700371 0
66211064 0
40645533 0
10284319 1
47140066 1
93914889 1
70976246 0
74435318 1
38029870 1
41690812 0
66152251 1
50823589 0
85876841 0
68373201 1
48019622 0
41056730 1
94289538 1
50813427 0
7871372 1
68614743 0
1096836 1
72735486 1
11764479 0
4080448 0
16148747 0
68797021 0
59914545 1
12444961 1
46941236 1
57894135 1
64081719 1
58254973 0
88496518 0
60496268 1
22591676 1
31403909 1
81908060 1
65670684 1
33915487 0
37324792 1
66065391 0
27349972 1
44642405 1
29481837 1
81450180 1
91859868 1
41497511 1
64711203 0
27421558 0
78557446 1
53486905 1
6471505 1
42841632 1
45028509 1
2777689 1
27217944 0
58230845 0
13946150 0
50000631 0
70670701 1
62233709 0
75784150 1
84958331 1
37220130 0
96768810 1
55830275 0
83481599 0
48154849 1
55523593 0
4172488 0
70990966 0
40478611 1
84962926 1
79627277 0
18759886 0
56503181 0
77110511 1
60359270 1
32559997 1
1824271 0
80444605 0
53137799 0
6952237 1
17807728 0
99090017 1
21699584 0
51530231 0
68768721 0
82838152 0
9401104 1
98494643 1
66518192 1
64825445 1
52670943 0
919890 1
66338259 1
61419352 0
17205784 0
19390141 1
7406292 1
34993884 1
94744404 0
52849066 0
6835361 1
66956571 1
68066178 1
92783283 0
79774020 0
64009804 1
12963179 0
72225778 0
9483343 1
43872896 0
96234079 0
35977843 1
86504869 0
81988007 0
24742355 1
12706540 0
93049967 0
45274877 1
33066858 1
14868290 1
7278763 0
70859541 1
22794096 0
27272235 1
84772108 1
72099072 1
68722052 1
61427821 1
72354779 0
1440223 0
2495582 1
40784708 0
15734711 0
66375203 0
59604803 0
13104017 0
49565257 1
39699840 0
23109607 1
98740371 0
67843656 0
81270302 0
52691609 1
59566607 0
95347388 1
19268000 0
57028040 0
31275447 1
64807887 0
61713545 1
13433367 1
6798484 0
66665239 1
34448561 0
73620253 1
23144454 1
30007171 0
64527049 0
68421323 1
13207000 0
37897787 0
30624612 0
1372065 0
52136654 0
50845252 0
22191414 0
38260971 1
32540001 1
95561207 1
51797307 0
69295645 0
3344642 0
11177064 1
85002410 1
75033049 0
40557345 0
68148308 0
23264973 0
61987056 0
94152330 0
82048535 0
54798700 0
8020857 1
52079832 0
5741755 1
52171900 1
16756322 1
87353199 1
56394978 1
88219682 1
61332323 0
55722748 0
54658259 1
91107939 1
54566456 1
2981724 0
55755647 0
70340778 1
69640177 1
24033027 0
94995085 1
61662403 0
16227485 0
86886003 1
42821582 0
55721813 0
40872350 0
48691761 0
39504552 1
15924253 0
13518135 0
1259752 0
28919398 1
75298915 0
54858816 0
31510024 1
47737596 0
79942503 1
17797222 0
92907833 1
69774939 0
2297903 0
10142965 0
4465265 0
10715706 1
25993556 0
6092072 1
60210137 0
59709960 1
37546835 0
27454900 0
22711525 0
37275592 1
30631190 1
3673532 0
68770857 1
83561198 0
71722228 1
78071372 0
45142710 0
45338442 0
48688530 1
49614501 0
94921657 0
49846917 1
10528228 0
30527643 0
27938069 0
58786774 1
34173123 1
33756519 1
10579453 0
55604273 1
70830969 1
7809597 1
85228183 1
63881225 1
55085867 0
3884557 0
29898999 1
82851105 0
83432912 1
44728748 1
87112863 0
40087440 1
93910121 0
45062311 1
99585995 1
22681859 0
34708025 0
13079769 0
87588818 1
45352071 0
81123945 0
51829633 0
62092076 0
20355460 0
24973251 0
78283441 0
26383161 1
43056460 0
27965174 1
48929628 0
70860928 0
60922304 0
439432 1
14481302 1
37157687 0
97729830 1
73223648 1
25641416 1
73605484 1
26875023 0
99809681 0
88960885 1
74180227 1
90094501 0
93202977 0
52584572 0
26580456 1
89008365 0
5734370 0
15482159 1
48761094 1
26217621 0
80410877 0
81266073 1
71243345 0
53944949 0
49875207 0
27611473 0
5203272 0
39380076 0
27071221 0
42701553 1
74630468 1
3245335 1
37577522 1
97099573 0
87300768 1
46444070 1
10834392 0
78240363 1
97756856 0
98089607 1
51044035 0
78206736 1
42131538 1
62390313 1
96877624 0
85575827 1
43718122 1
29186233 0
31417591 1
50789384 1
56924339 0
70319836 1
97472321 1
96998270 1
18010046 0
92336367 1
65579115 1
99570967 1
86401297 0
61515856 0
63597638 0
98045638 0
80702890 1
36578359 0
43652723 0
93050905 1
830863 0
42927790 0
97064501 0
70689745 1
58704452 1
29438759 0
24344587 1
49160502 0
31352820 0
31342723 1
10595421 0
79105295 0
89740145 0
83647891 1
86391317 0
65720770 0
24422854 1
50735057 0
67251885 0
12340888 0
28847184 0
17895538 0
54808640 0
69330667 0
58430183 1
68993116 1
12507356 1
10641286 1
17618630 0
8061248 1
34249602 0
53311443 0
25718479 1
41741935 1
78249900 0
44205249 1
99112440 0
66764371 1
68483410 1
75797229 1
43433929 0
7411453 1
64420458 1
48560871 1
29732597 1
17166634 1
73712400 1
7884234 1
86685100 0
15588775 0
21161363 0
52366277 0
8747404 0
65535231 1
75230402 1
8376274 1
48259488 1
29484947 1
74315620 0
18603339 1
23133383 1
54498866 0
56027152 1
26502470 1
33282875 0
72357962 1
77035296 0
64505300 1
188895 0
92166443 0
33669568 1
95344090 1
43512703 1
33059128 1
70549857 0
50595715 0
27705366 1
65848027 0
98126304 0
7938698 0
89757351 0
60518938 0
97788550 1
94750600 1
42537309 1
89666552 1
43008175 0
65774792 1
18734121 1
13379472 0
25834549 0
37802875 0
65933915 1
31791900 1
45009945 1
47817713 0
73184301 0
58663563 0
53513127 1
99518770 1
56443008 0
78887089 0
31558095 0
91542838 1
89064058 1
9563354 0
94930087 0
40717571 1
43519070 1
25305348 0
75441601 1
45186166 1
85428671 1
54665307 0
75168157 0
44170946 0
54510658 0
44041014 0
29879332 1
71557610 0
29853866 0
53988412 0
81995744 1
19895959 1
40028686 0
40412916 1
12940720 0
1151022 1
63159591 0
52562819 1
34290218 1
53509330 1
69328098 0
19689431 1
52482371 0
67056523 0
62786964 1
92601786 1
26457815 1
7911834 1
80343188 1
77287240 0
13033655 0
63082199 1
86538876 1
48881533 1
17346384 1
75518126 1
2398862 1
80704406 1
91955635 1
21627424 1
82893965 0
63439641 1
86823302 1
61295132 0
14384524 0
86918736 0
69709358 1
53231106 0
84049171 0
81537143 0
35974919 1
95218796 1
93912933 0
25254880 1
82381255 0
37071100 1
17393304 0
62650021 1
61228292 0
51864845 1
15438499 1
31926584 1
55164077 1
38156277 0
52225261 0
64992231 1
92671879 0
69988024 0
11993195 1
12803234 0
37095028 0
51257630 0
15860175 1
93451098 0
17662078 1
70725400 0
73799295 0
49372650 1
35810779 1
37704990 0
37458134 1
20093672 0
92251808 1
52151386 1
78347901 0
43794978 1
93269260 1
9980629 0
20888975 0
30456228 0
58581967 1
68532103 1
66699534 0
19611465 0
93720153 0
43225527 0
81764250 0
6964785 0
58143868 0
14618342 1
8549290 1
25991752 0
63569737 1
25283913 0
97169292 0
16098168 0
80516051 1
23827559 1
75310397 0
14028528 0
80064530 0
73538462 1
74403663 0
60993192 0
56719388 1
74650374 0
27242146 1
20289797 0
51816579 0
54687075 0
9962503 1
71719687 0
34335638 0
6978816 1
66167199 1
17196399 1
48969383 0
1588299 1
58335190 0
50332137 0
31963476 1
35372249 1
50615210 0
772032 1
2735390 1
31901789 1
1663763 1
89101324 0
89107482 0
40314894 1
48434000 1
74860531 0
75762365 0
55211627 1
38264540 1
15490083 0
89262760 0
12457563 1
90224262 1
53457707 1
20607796 0
55813958 1
28539195 0
29862108 0
39122642 0
92425079 0
38166350 0
85062401 0
50059076 0
88951371 1
21270231 1
91665903 1
75359687 0
6805506 0
33773868 1
13876380 1
47230535 0
4140684 1
10207543 0
2151623 1
36965026 0
30721104 1
26190302 1
98424581 0
57791956 0
75675205 0
34003784 1
27433929 0
72871117 0
45358881 0
66583721 0
61961573 0
70700606 0
67997173 0
66693301 1
48082031 0
84366921 0
19108011 0
64799160 1
13135910 1
38836953 1
30384608 1
33780088 0
24652807 0
87118909 0
89525923 1
90483767 0
99898153 0
92481486 0
81120230 0
50014711 0
56481647 1
80681633 1
828497 1
51551880 0
94902502 0
5216227 1
97411927 1
53967271 0
66862384 0
96538035 0
79808904 1
81039674 1
23669100 1
31346364 0
