2754
26216501 1
98624872 0
11051178 0
24996592 1
12514715 0
58268839 0
62010890 0
24302955 1
34608316 0
49051418 0
35573811 0
77029429 0
32397740 1
93196133 1
38131589 0
1576801 0
91892087 1
53942520 0
859212 0
60464295 1
31966024 1
64991322 0
52769653 0
67344156 1
6232429 1
54042855 0
47928538 1
11754015 0
38078366 0
67888285 0
66714653 1
52215464 1
11911136 0
44529996 0
47843233 1
74227212 0
60884458 1
59386457 1
75204432 0
17938938 1
39811582 1
94676716 1
97412283 1
65638001 1
65063049 1
83326997 1
95808125 1
6198945 1
94694885 0
12809489 0
39249397 0
52462929 0
26327468 0
75207160 0
22860876 0
75688440 0
73736984 1
62311942 1
30485264 0
29550303 0
57820262 1
36612165 1
24284477 1
20240190 1
52801267 1
26310325 0
36753056 1
13610682 0
58256991 0
2981533 0
98339927 0
11390336 0
62721694 0
21952122 1
77489713 1
76265218 0
64561358 1
5772912 0
33757471 1
45895436 1
96373351 0
88788348 0
33647093 0
70869200 1
20086769 0
29923714 1
55160972 1
59796646 1
20234312 1
49691860 1
8262879 0
55815699 1
22934247 0
3944892 0
15740250 0
31032023 1
56351059 0
51613331 0
58784020 1
91535053 0
70852949 0
62672072 0
20989243 1
95761150 1
20149913 0
81345721 0
78265124 1
66211730 0
75541108 0
879868 1
5752874 0
13639312 0
81712763 1
24255199 1
68126468 0
74748940 1
505664 1
80344406 0
34205734 1
60878273 1
73847221 0
48716804 1
19476080 0
81597945 0
51215329 1
86854949 1
13076457 1
81606375 0
92410932 0
58607279 0
40483065 0
3891743 1
17994755 1
87525804 0
69378891 0
91797595 1
57462330 1
27730981 1
16482880 0
48533993 0
57508176 0
43148278 0
34817842 0
88507202 0
31638555 1
55301779 0
92804986 1
88852786 1
6782368 1
38425752 1
42007114 1
87745226 1
99153811 1
26385105 0
38971164 0
62003398 0
22681398 0
12701194 1
26864803 0
45121815 0
65319527 0
77419679 1
89812402 1
87957183 0
75521829 1
37122118 0
34294838 0
73595435 0
40500774 0
11562043 0
53395157 0
65469572 1
60509260 0
74433404 0
80247319 1
26493260 1
33112775 1
57363376 0
93025013 0
44305042 0
82917820 0
6029905 0
59864871 0
79928920 0
96364860 1
61069630 0
91128619 1
88216478 0
21430250 0
80253146 1
54483635 1
86633257 1
67472733 1
99612225 0
87446453 0
69328558 1
28474434 1
92728779 0
34251568 1
49040263 1
19974615 0
74236776 1
58663671 1
89531950 1
478222 1
96110352 1
44239966 1
75612532 1
21127078 0
40070568 0
74937977 1
13401272 0
59571711 0
62502816 0
65772758 0
23547889 0
1164284 1
37983333 1
56050026 1
53217607 1
87618786 0
31148732 0
38835023 1
90792856 1
61904064 0
37407072 0
94428399 1
7309213 1
14627619 1
81102608 1
84243322 1
86455916 1
73774966 0
52393331 0
37724967 0
76784649 0
91680712 1
60866953 0
53106555 1
2446888 1
99825689 0
76143855 0
82531373 1
74339557 1
33350199 1
2759435 0
677338 1
74165770 1
67041528 1
41242958 1
33034400 0
35392895 1
50858637 1
52455439 1
16673689 1
20466249 0
44965643 0
98589365 1
92407916 0
95696619 0
43719468 1
88425554 0
928097 0
27231949 0
14364388 0
76858494 0
72742513 1
71361548 0
28112354 1
33707679 1
37462098 1
17403494 1
78470864 1
32295092 1
54859382 1
1429071 1
29711179 1
20877783 1
92532811 1
72023225 0
71322037 1
91886165 1
25537684 1
41794411 0
69333006 1
72713997 0
43704371 1
31476428 1
14386508 0
56768710 0
67230868 0
22807035 1
28127735 1
78163800 0
98173384 0
5973431 1
17755031 1
96699517 0
26360202 0
97844114 0
70496469 1
80654185 0
10769178 0
55768327 1
2398721 0
68871565 0
90772494 0
39748187 0
99928335 0
55502537 0
9036393 1
35521356 1
40680823 1
94417065 1
54464711 1
54771031 0
48721094 0
51713543 1
265308 1
30120197 0
85837961 0
80126488 1
43846127 1
13347456 1
19953153 0
65645074 0
28667097 0
90520579 1
14304917 1
71835950 0
75349752 1
62376844 1
39899915 1
9549726 1
12324650 0
21283504 1
40600760 1
38753533 1
64888456 1
47790995 1
54498619 1
10115267 1
63138365 1
57038192 0
90611868 0
81565689 0
84160271 1
2781799 0
3479510 0
10149655 0
30675542 0
53913193 1
95576362 1
10726290 1
41441069 1
37092030 0
59621160 0
2234697 0
76434617 0
26309105 1
51498362 0
49838681 1
13087601 0
31676597 0
41412172 0
69638010 1
42208402 0
296025 1
35876697 0
63386587 1
5559693 0
49705288 0
72843546 0
69226724 0
15715814 1
83906094 0
11218345 0
32161749 0
97911641 1
56948152 0
90193981 1
58475549 0
8756410 1
24344444 1
46611079 0
84315616 0
80069059 1
9665550 0
54839719 1
3697233 1
49649953 1
59607557 1
98656376 1
65329790 0
64490691 1
83745916 0
75480529 1
73771295 0
46333402 0
56220383 0
42973351 1
30841759 1
86025125 1
95250512 1
64651977 0
81443693 0
28751814 0
64411310 0
91146681 1
10454076 1
6935646 0
84528709 0
83259537 0
1732496 0
69409309 0
23046971 0
12653248 0
34197080 0
80508458 0
18868359 1
49664945 1
39152635 1
36974270 0
90219362 0
20104934 0
13866969 1
92175329 0
20024341 1
73651193 1
25979920 1
80099170 0
39011044 0
88016317 1
70049695 0
32308441 1
86624450 1
25981443 0
15352249 1
20470808 0
52200597 0
20826548 0
83495715 0
70534779 0
41369492 0
32523058 0
40309686 1
27131367 1
6273788 1
82796315 1
32283254 1
45457066 1
67665686 1
29389181 1
37115367 1
49189088 1
11763636 1
81175325 0
67472384 0
16799544 0
97938994 0
61899906 0
41337450 0
31941336 0
35038700 1
517172 0
56319021 0
42082439 1
1179307 0
87403030 1
83358995 0
78974216 1
92766332 0
74032990 0
30309305 1
6456998 1
32049925 1
1652698 1
60711548 1
22513717 1
90488679 0
83285292 0
56815133 1
39667591 0
17929312 1
60459213 0
73830960 0
71702481 0
73042167 1
99533548 0
92983436 0
19219468 1
81789837 1
90301970 1
94991504 0
98595676 0
90571865 1
86440747 1
95335064 0
47418630 0
46342032 0
14841422 1
61506413 1
68439426 1
65947475 0
61763311 1
44904739 0
16518008 1
4559842 0
91753290 1
30516448 0
36231444 0
19295644 0
83475990 0
21989764 1
4104889 0
2772955 1
7279371 1
26758325 0
50537843 0
35839262 1
49309009 1
14673143 1
64662336 0
3195879 0
75071046 0
59237681 0
93313399 1
7537361 1
61974918 1
17629300 0
14263059 0
16634811 1
8860342 1
52201307 0
10354195 0
17758022 1
78555014 1
26939037 0
56217329 1
32243431 1
41021600 1
46146264 1
52426582 0
5829402 1
3563376 1
65173180 1
18765622 1
97575486 0
30094711 1
8404295 0
94438797 1
67071884 0
15654683 0
65970238 1
99645411 0
14513202 0
45016323 0
23125878 1
75239732 0
27796376 1
18623836 1
49383539 0
56212097 1
85551248 0
68230507 1
15745289 0
77014356 1
41370487 0
33533932 1
53092286 1
34788930 0
47134309 0
83675457 1
11826537 1
21050111 1
85203312 1
16155638 0
63757983 1
40068700 1
54360673 1
31852401 0
74829193 1
14811709 1
13550759 0
73246237 1
33399735 0
63445994 1
74218348 0
18134367 0
80681702 1
88301662 0
68272244 1
76052679 0
63294950 0
83716050 1
18792168 0
19259616 1
83084236 0
3927018 0
37770518 0
8333239 0
10466013 0
31529276 1
4051236 1
87221254 1
18211985 1
5600298 0
74402746 1
798577 1
11845528 1
62224640 1
78845254 1
95831835 1
19555293 1
15132658 1
21204357 0
24643445 0
62761567 1
76481485 1
72069454 0
12856043 0
84678456 0
90275438 0
38992304 0
48186236 0
76776083 0
90670144 1
2690819 0
2052480 0
65367379 1
64525743 0
75712672 1
49862158 1
72588613 1
93494928 1
90615274 0
65208262 0
14620355 0
95600829 0
74764817 1
49673144 1
99914036 1
80036608 1
45652109 0
85554898 1
12235265 0
62246780 1
51620794 0
20499762 1
51706171 1
29626513 1
82014875 1
59668360 1
80597702 1
80096267 0
1582827 1
71162740 1
96704202 0
15176908 1
48068121 1
26532824 0
47526733 0
31009431 1
32151799 0
30039290 1
22343650 1
75749371 1
47978584 0
93946846 0
22721305 0
58553345 1
56049239 1
13827686 0
50236185 0
63533446 0
94123992 1
92014246 0
69526361 0
81396629 1
1423782 1
73075673 1
46632176 1
92690544 1
3436283 1
27428383 1
45679662 1
57973062 0
10219229 0
31330405 0
52810074 0
8738334 1
75536028 0
56320948 0
42040064 1
65906710 1
45964983 1
29025942 1
83356144 1
29995376 0
41909083 1
25456345 1
41503167 1
57098904 1
59706825 1
38538377 1
19677251 1
91557714 1
31655998 1
77417720 1
57554985 1
50339585 1
49513407 0
66757301 0
57315380 0
99206322 0
19404285 0
93032769 0
39011603 0
65951336 0
71976096 1
74145562 1
24337080 1
49160028 1
40069570 1
69378817 0
76274070 0
44894640 0
27721407 1
50114666 0
9373654 0
47071592 0
84572099 1
16869058 0
35786705 0
8697909 0
74715005 0
47574150 1
31061752 1
23743386 1
4159539 0
54025312 0
67675772 0
24049523 1
98416541 0
93992592 1
34413164 1
15536375 1
77336747 1
38077190 1
71347838 0
63372451 0
62597804 0
73910987 0
41140674 0
95034201 0
57572300 1
22042862 0
5031414 1
10090664 0
59917332 1
70910443 0
81237159 1
99354321 1
58673601 1
73969934 1
83664305 0
35085449 1
96528507 0
91728705 0
4403758 0
95645394 1
43384903 1
31259354 1
68364770 1
24824265 0
96485452 1
37062570 0
84196494 1
98895699 1
66642069 0
65242831 1
9042079 1
91841350 1
97027083 1
66197521 1
52744041 0
22951106 1
70649141 1
56565813 0
13296404 0
79392878 1
45838047 1
57315870 1
72284249 1
799111 1
46060380 0
40295607 0
19015650 0
39507739 0
61675354 0
92246966 0
34951217 0
43775043 1
90419708 1
41902486 1
3757563 1
71653785 0
16025937 0
85823949 0
47287273 0
96495788 0
4894448 1
52485059 0
48436217 1
75457681 0
7317706 0
64828243 1
26910327 1
93868934 0
61781491 0
16831829 0
34061349 1
91715578 1
99062411 1
56227945 0
50445958 1
88414053 0
50967592 1
4046766 1
35711325 0
81482680 0
35481556 0
98657830 1
46468996 1
30363864 1
7164708 1
4458933 0
19832901 0
36207213 1
61395080 1
14369152 0
80303926 0
95440255 1
84922836 0
34235466 1
20216451 0
26800874 1
15691188 1
10270213 0
28334427 1
31289624 0
17895819 1
14266508 0
66730850 0
37522714 0
39980931 0
92385017 1
8576030 0
72338349 0
49957561 1
41067319 0
78673417 1
81772494 1
20981860 1
76490927 0
80622253 0
41247600 0
18245638 1
81465630 1
2678890 0
30744927 0
18935564 0
69415917 0
22603207 0
63098910 1
61158408 0
52809168 1
28460356 0
76405950 0
82766508 1
21900176 0
4905715 1
48420725 0
12566 0
44787779 0
95657923 1
39121414 0
38579948 1
48249847 1
31030431 1
26937075 0
9891509 1
20671241 1
80710764 1
65569163 0
60122641 0
90829045 1
67179996 1
73745306 1
44521738 1
23182105 0
30570930 1
71451125 0
31255066 0
18787492 1
56230684 0
48994387 1
83009211 1
88964056 1
353945 1
87766535 0
15414232 1
43658540 1
90569883 1
88620679 1
43781921 1
78772663 0
52466685 0
83160129 0
39636837 0
75563179 1
77903446 1
28925379 0
84623998 0
98574685 1
74458032 1
11248525 0
63791710 1
41980221 1
71948582 1
20840570 0
72830667 1
94063330 0
8839873 1
91614022 0
48447797 1
81617045 1
5152337 1
82816667 0
90003327 1
74857342 0
71792770 0
34269929 1
74592656 1
69355669 1
64651694 0
77031525 0
62289938 0
13684443 1
79997557 1
46419356 1
57711950 1
67054631 1
96766279 1
45870887 1
14085447 0
43916131 0
23030098 0
10857923 0
58339423 0
43710456 1
43793062 0
77653927 1
5589571 1
10551007 1
53720263 0
96827303 0
11065879 0
557503 1
46678395 0
91388450 0
28313916 1
89518057 0
82503052 1
10724756 0
12062603 0
42793298 0
27356340 0
19073354 1
2497778 0
9438080 1
39672858 0
97272611 1
40300369 1
70861961 0
75030913 1
24408087 0
2859013 0
81530963 0
7502135 1
8441377 0
72963249 0
46147968 0
6515056 1
85071833 0
27325303 1
23795539 0
89798870 0
10544071 1
24692810 0
23984145 0
31915956 1
2066781 0
62709863 1
4373038 1
34555976 1
51437642 0
35037300 0
76091461 0
54778329 0
66795840 1
22161640 0
76733748 1
61424870 1
12170690 0
65598745 0
57662101 0
41214602 0
40244108 1
15357693 1
89625430 0
37232949 0
99771293 0
83352275 0
74220591 1
67672580 1
52584458 1
79172753 1
30187125 0
44186138 0
20367781 0
84371870 0
88566064 0
40447956 1
27088493 0
4999512 1
8027410 1
97949564 0
84210282 0
1306587 1
15580577 1
56352164 1
16876836 1
34791181 0
50808198 0
91954860 1
12094154 0
83965482 1
32872386 0
53561562 1
62576417 0
1438118 0
43229355 1
93386473 0
41215353 1
674458 0
91527561 1
30203281 1
84499209 1
6345097 0
10337188 1
31083679 0
1935991 1
50481279 1
98988977 0
93531850 1
58493651 0
36886048 1
88970254 0
82451285 0
37501314 1
46413043 0
47058171 1
37902483 0
71101385 1
39020114 0
61344069 0
61608717 0
21129476 1
99860783 0
37879718 1
18515543 1
92208781 1
97032095 0
18707939 0
17937453 1
92466893 1
10898744 1
57491873 0
7088507 0
46473210 1
41206338 0
14184926 1
3632966 1
12615684 1
29951575 1
95563364 0
89662604 1
85995746 0
69071088 0
23971635 1
74573772 1
56276828 1
19380407 0
67372486 0
83006406 1
4987223 0
9772935 1
8532724 1
53884179 1
73423919 0
18518498 1
85138868 1
3978309 0
68585546 1
56701084 0
19243579 0
92007952 1
17331678 0
54307529 0
41708769 0
22286176 0
75705399 1
97259959 0
66594652 0
23578491 1
86759024 1
90527142 1
81817191 0
4686922 1
4076570 1
62387345 0
78364803 1
18864570 0
52386320 0
89693153 0
66263139 1
79091247 1
82316507 0
14712979 1
8472291 1
19720854 0
59789432 1
90923465 0
49488655 0
75317381 0
14468923 1
34095953 0
71622980 1
18430691 1
6365222 1
98966603 1
85133468 0
31203015 1
35164735 1
85853002 0
89795880 1
89189964 0
32634428 1
97714718 0
27058915 0
34466077 1
63494963 1
52026817 0
5814453 1
91432072 0
844814 1
29124971 0
37504686 1
15812254 0
71691603 0
63567689 0
41522511 0
72900688 1
46510796 0
88058519 1
94739561 0
98246880 0
98943447 1
96986971 1
41635907 0
49735825 0
53280829 1
60612442 0
71092325 1
2777069 1
10018886 0
61449176 1
6881931 0
76284690 1
36168253 1
74358062 1
67258809 1
80240933 1
37099348 1
49663165 1
35149732 1
67370151 0
82761194 1
14541830 1
9231387 1
30673420 0
53085935 0
66406151 1
24050350 1
87713357 0
36984360 0
56843004 0
18666340 1
73841662 1
98597569 0
54767248 1
28572958 0
86474407 1
90843205 0
72190693 1
26406922 1
65908959 1
75819584 1
87072151 0
32860131 1
33477679 1
96986334 0
128380 0
94885871 1
57983435 1
51861122 1
99457128 0
29955352 0
366568 1
56418623 1
15201555 1
91894676 1
37853319 1
65944173 1
43842703 0
23778454 1
86355071 0
64451549 1
4070146 1
85406333 0
23534432 1
47219298 0
95349242 0
10359596 1
72270878 1
45877170 0
16058405 0
14326212 0
54602912 1
57162006 0
25761630 1
8846692 1
15151294 1
13786119 0
40689896 0
61056832 0
97410989 1
18641068 0
55208869 1
68953548 1
12213747 1
1289915 0
66963473 1
37635562 1
24942870 0
44647957 1
3878416 1
74476852 0
19008714 1
95147677 1
27548769 1
68207268 0
4665404 1
6667404 0
6189637 0
82857722 1
99995560 0
71470809 1
37702609 1
37375246 0
75600114 1
48807171 0
87815342 1
86163854 1
41524174 1
82964566 1
38368860 1
95550165 0
14552305 1
43492110 0
9244141 0
96669457 0
13745300 0
73821947 1
73851276 0
53909381 1
95860888 0
94115915 0
9370190 0
87824224 1
96134938 0
22300388 1
45339887 1
43657914 0
30740966 0
49977525 1
64426017 1
3575145 0
9760185 1
86794614 1
97414889 1
12668998 0
64326184 0
99724589 1
33105743 1
56136933 1
78591832 0
88326849 0
50807986 1
15696413 1
91647922 0
15361396 1
1325911 0
22516958 0
93364986 1
67823799 0
22267381 1
27947224 0
76835630 1
28751959 1
74391261 1
78951959 0
23719868 0
55473942 1
54924191 0
98414828 0
18229652 1
10329148 1
52286108 1
51782125 0
82468768 0
99782681 0
68956563 1
98059436 0
52251809 0
64310986 1
53233136 1
13990746 1
18785782 1
69437301 0
41734079 0
8342764 0
58901134 0
62933254 1
73512259 1
53350733 1
82365612 1
71759311 1
30899458 1
31709341 1
83240987 0
78762659 1
84135094 0
90594759 0
53251782 1
57027964 1
77763025 0
93877076 1
52031006 1
66213618 0
29395204 1
53504736 0
78328461 1
41884198 0
80363457 1
37873917 0
84751200 0
95716010 1
98938070 0
46518518 1
75347940 1
32808390 1
24051257 0
72315173 0
91913964 0
12914685 0
58223724 1
89530851 0
2702891 1
41292735 0
42734189 0
46720104 0
87756655 1
59779075 1
17522453 1
90973837 1
80710692 0
86763150 0
59948839 1
33134088 0
68236182 0
99875277 0
69685494 1
5532760 0
66049636 0
63097755 0
8871444 1
71637728 1
19288130 0
80174341 1
12683523 0
53398926 1
40930383 1
72536830 1
39312659 0
42242604 0
72165053 0
60440989 0
30786476 1
29273044 1
42226775 1
40365702 0
85731653 0
82174480 0
56782879 0
86149292 1
29040829 0
42081569 1
63540367 0
48697734 0
66489184 1
6561961 0
20979107 1
94733989 1
4459740 1
37132415 1
24792927 0
29472370 0
20321448 0
7917332 1
423501 1
47549170 1
33380898 1
37179115 0
42412163 1
54768573 1
29602686 0
76374809 0
59761845 0
38130032 0
31718675 0
87822411 0
34619654 0
73419680 1
64161608 1
85943638 0
65633585 1
64432658 0
80926897 1
9589463 0
59898219 1
21031753 1
13156754 0
98282433 1
3549682 1
65368587 0
17845210 0
84809828 0
86525184 1
78682166 0
65066686 1
91217807 1
66604508 0
15975673 1
54744675 1
29463508 0
71578864 0
2706133 0
92469741 1
60668228 1
47320220 1
55474362 1
40312094 1
67597610 0
64610887 0
78478564 0
40230252 1
12888272 1
69217739 0
58313237 1
18636610 0
9373241 1
93601871 1
46790789 1
17819139 0
90667436 1
96025538 0
76201871 0
71665616 1
38473402 1
7544036 1
28329856 0
41041 0
87937765 0
53613867 0
17955331 0
41367078 0
47608262 1
3702936 1
37594996 0
58717922 0
56793864 1
45674171 1
42540196 1
52648041 0
39291738 1
26853013 1
42264585 0
85778867 0
98950423 0
14980369 1
95083268 1
10021950 0
47185956 0
74772531 1
72000641 0
6324653 1
86052223 0
647097 1
98204821 0
78441548 1
12910663 1
28845594 0
8423236 1
23450664 0
33482519 1
39034930 1
15981137 0
69757870 1
23961182 1
75670347 0
52300020 1
41735807 0
30364293 1
17814541 0
94148322 1
50538544 0
67013682 0
98835026 1
40878829 1
48747261 1
88674795 1
39390683 1
75763756 0
99459698 0
65408954 1
51743154 0
42517566 1
58781498 0
70926172 0
63353197 0
83668573 0
32689877 0
49816066 1
10699112 0
20632015 1
16244004 1
76770190 1
31401531 0
90339049 1
31080308 1
22082223 1
97742576 0
29025906 1
42220579 0
47357497 0
22243810 1
65857892 1
20898845 0
82231279 1
20997859 0
84095914 1
19113442 1
73391125 0
55051689 0
79477188 0
22220143 1
50339345 1
91144784 0
23236908 0
39630542 0
26532777 0
44222739 0
83459595 1
30902396 0
18804358 0
78519909 1
33110026 0
83618519 1
59297692 0
44406066 1
46179267 1
77950889 0
32717233 0
63454295 1
31482483 1
34188066 1
88619914 1
91632236 1
56845031 1
90664796 1
50320505 0
74202852 1
36650758 0
76213147 1
61371204 1
6016895 0
38630368 1
19318647 1
65480241 1
73714832 1
74440913 1
11132684 1
30592617 0
68714958 0
19969359 0
38400863 0
77033645 0
40615678 0
33125763 0
73755649 1
4798407 0
73630419 1
93572804 1
79649369 0
2811356 1
37850002 1
39362339 0
83243962 1
76053049 1
7039957 1
25814935 1
59097630 1
24242999 0
75793605 0
64239731 1
94048139 1
31009359 0
68344423 1
13019486 1
90858915 1
27595147 1
17684325 0
83810167 1
82685576 1
9751592 1
2952820 1
72937005 1
12735213 0
13552462 1
89989165 0
47796550 0
41844424 0
46495915 0
87211333 0
31391686 1
73033109 1
14564216 0
98011735 0
44030082 0
32861821 0
48479458 0
11235067 1
80126535 0
70210829 0
604950 0
28236152 1
3986104 0
82640873 0
38304196 0
85960166 1
23791634 0
57957427 1
60920518 0
29146229 0
17205284 0
67131545 0
71857810 0
36084066 0
73959471 1
75128168 0
2347587 1
68818556 0
70340303 1
83191055 1
747309 0
98414425 1
73596123 0
15257912 1
80697951 0
58228550 0
53259170 0
92999653 1
37105018 1
80660247 1
99182787 1
40890729 0
60581192 1
38285704 0
81940725 0
9744955 1
17835920 0
31839753 0
55723338 0
63165814 0
72959379 0
13624949 1
45734072 1
25459434 0
43825308 1
78643269 1
54749118 1
5848659 0
48895363 1
91788676 0
2840528 0
89090109 1
59597263 1
32858582 0
80104643 0
74373138 0
72705824 1
10507735 1
15416714 0
24442939 1
97823099 1
23193879 1
38945729 1
50234408 0
53632746 0
66319612 1
83304039 1
82052193 0
53838021 1
997382 0
82302115 1
81108662 0
86610988 1
22484751 0
87084672 1
74268325 0
73202041 0
50278653 0
36903577 1
17069548 0
65194894 1
28344726 1
26713930 0
22788985 1
4725766 0
94965697 0
56308701 0
5564369 0
85560161 1
53791937 1
44714627 0
47837736 1
84022659 0
35069276 0
72607749 0
98486502 0
53323103 1
57650059 0
26089068 1
28878187 0
3814592 0
94656890 1
60927168 0
50663449 1
87798606 1
19056703 0
41832724 0
96336691 1
70784059 0
67874216 0
41128257 0
62254244 0
52221777 1
41049366 1
20066624 1
18319312 1
75244177 1
62463768 0
35157527 0
30981695 0
7839759 1
59178650 0
55570941 0
17705252 1
34706397 0
24080459 0
58951851 0
43212440 1
72906588 1
59339028 1
28616612 0
14394146 1
7307302 0
27974219 1
8893338 1
92304665 0
43977813 0
79724088 0
51499192 0
62231246 0
61342467 0
32092720 1
96550154 0
24758944 0
32511350 0
45460174 1
2402669 0
52359691 0
20884680 1
22880129 1
87048335 1
53731162 1
45022346 1
92274839 0
8953242 0
6444428 1
25380051 0
32581443 0
70053567 0
49726188 1
69073485 1
5736485 0
34339986 0
86586115 0
58187270 0
92819744 0
94427316 0
75421301 1
36050570 1
59053365 1
50588374 1
31567295 1
45725228 1
66671601 1
40407356 1
65814690 1
8560364 0
62486245 0
96869014 0
68074832 0
2244213 1
95295007 0
45574124 1
82803263 1
5306988 0
66839267 0
9407960 1
10070270 1
54749950 1
52944394 0
89163608 0
70581545 1
88278313 0
9776709 0
68500956 1
87578936 0
54634085 0
26215205 0
82753349 1
38960710 1
40000270 0
58163922 1
47073642 1
79805820 0
73405469 0
98340440 1
64044653 1
27871412 1
43295169 1
48656646 0
95989777 0
4603218 1
8261036 0
77575555 1
23886488 1
76122743 1
765038 1
7833448 1
90330350 1
34402 1
59312219 0
15307790 1
98797617 1
37872410 0
63907186 0
31838654 1
16499544 1
22653310 0
90816093 1
55319207 0
62888833 0
51470444 1
69274134 0
8876150 0
75001373 0
84689647 0
84520183 0
21865012 0
4589669 1
24991719 0
92319607 1
58655131 1
36019448 1
23646668 0
29186842 1
43742235 0
4268332 1
72604107 0
4642120 1
19880767 0
26646070 0
39405310 0
70401376 1
66293521 0
24008233 1
15985503 1
47948687 1
1380196 0
45852839 0
21279622 0
30260554 0
65874877 1
23875666 0
49801306 1
59173059 0
67601666 1
31016810 0
3007129 1
16971020 1
19945429 1
78169820 0
54194482 1
10555155 0
35785576 1
17635788 1
96926627 0
47593668 1
75145168 0
11112432 0
46956964 1
82810388 1
18252952 1
94150820 0
61731125 0
69634020 0
31127204 1
85826185 0
50143048 0
76058610 1
98665027 1
13298296 0
72473127 0
64065803 1
70063906 1
41556794 0
42427922 0
10070221 1
66852662 1
42891276 0
32451044 1
71536023 0
56939335 1
32217108 0
63065844 1
48332573 0
79014459 0
22255999 0
19532084 1
99560296 1
97391036 1
96741687 0
11311901 1
25321055 0
46930413 0
75223807 1
63736701 0
23809152 1
8682573 1
61044162 1
49413061 1
91755035 1
51704719 0
55341988 1
41204709 0
70748230 0
88133604 0
76649500 0
84316891 0
56352828 1
7915406 1
73571094 1
21958304 0
12143505 1
33084173 0
106258 0
75652874 1
51119175 1
7099990 0
91793272 1
98767814 1
11579482 0
49725322 1
48068731 0
37679668 0
65152121 1
92841201 0
91772632 1
86361714 1
63229911 0
95608657 0
48111101 1
2576013 0
35013750 1
43260484 0
82307266 0
79307442 0
44152118 0
63491298 1
76036455 1
51862397 1
80849266 1
41942488 0
54517642 1
25312545 0
75425332 1
81411076 0
25332738 1
73654879 0
77975723 1
92377059 1
31734111 1
6274935 0
86289290 0
3504523 0
58550286 0
16963370 1
30172287 0
21729384 0
87768398 0
12602086 0
40637425 1
69971608 0
74355508 1
94005554 0
3859209 0
73738688 0
68740437 0
80395548 1
39755175 1
93468530 0
8724584 0
78735853 1
91099483 1
58417771 0
35301861 0
96746560 0
58358932 1
60520941 0
61450100 0
44242994 0
23340155 1
40499112 1
60463262 0
10072282 0
81979770 0
44723576 1
34388113 0
39110099 0
61156369 0
70343443 0
19489022 1
40963776 1
92098271 0
87972249 1
82288383 1
63576776 0
40104131 1
70492837 1
60694420 0
60957890 0
10462975 0
95307398 0
72833965 1
49200707 0
93536433 0
56018056 0
58698970 0
30511159 1
93110555 0
14964292 1
63991797 0
37705924 0
61127729 1
73615082 1
80529077 1
49176635 1
61477167 1
88457531 1
98549055 0
40049481 0
11815439 0
68805530 0
51275640 1
32679502 0
65283031 1
53699620 1
54168802 0
79558407 1
40154962 1
23527024 1
74471351 0
79579414 0
29794990 0
67867548 1
15185673 1
4119587 0
203501 1
83289632 1
61004058 1
79036653 0
20205358 0
18156249 0
62261577 1
40656913 1
98310873 0
70182224 1
43206972 0
21508918 1
63837750 0
77737676 1
91957708 0
30435891 1
99209164 0
75209616 1
69383292 0
82882759 0
89226921 1
72039193 1
21887871 1
65896637 0
65470300 1
78744949 0
82414084 0
6017878 0
46486287 0
63073627 0
20274032 0
7348362 0
25629472 1
63958216 0
42159735 1
22114151 0
88961285 1
45402543 0
71669817 1
24265970 1
1595944 1
57103084 0
26476386 1
80516754 0
63501593 0
68278539 1
51371927 0
40106273 0
43572063 0
49209040 1
37617205 0
26908965 0
51495483 1
79049737 1
55811601 0
3575800 0
23628845 0
55167229 1
31616583 0
77595683 0
5512146 0
13294659 1
87150807 1
42515900 0
77144612 1
63191720 0
4627409 1
16810503 1
5278856 0
97124016 1
54633176 1
46710646 0
97751452 0
97560674 0
84023494 1
97042979 1
9533 1
41143381 1
17448516 1
5934360 0
89246607 1
2627119 0
64579095 0
52842362 1
35555755 1
49185544 0
2276556 1
82266925 0
46374068 0
64301998 1
19896855 1
82551968 0
39911574 1
13598901 0
82375960 1
45474188 1
68062687 1
35474987 1
73671220 0
52654557 0
70310750 0
86261710 0
35595026 0
13330832 0
36460581 0
71088251 0
7095100 1
96100528 1
34586939 1
9005721 0
72496986 0
7715315 1
14663260 0
60172953 1
94262129 1
1854708 1
60575865 0
42404905 1
22418065 1
89991271 0
88360230 0
55375449 0
79904111 1
89894424 1
16848213 0
13439377 1
73444910 0
20390782 1
98245146 1
9300941 1
76442434 0
87336528 0
11576930 0
80076214 1
94604102 1
28453185 1
21808962 1
95882712 1
19673112 0
65682380 0
58055222 1
44202074 1
91787776 0
6510871 1
97833400 0
74538679 0
81968353 1
53030698 1
64040175 1
48499236 0
92116333 1
11320220 1
78788291 1
48459210 1
30823086 1
79659988 0
93196707 1
87295713 1
45066913 0
90432143 0
93681225 0
53216755 0
23755929 0
17983225 0
45001275 0
80929432 0
61188999 0
73457406 1
29470376 1
16227945 1
23582187 1
1706735 0
71554373 1
10845233 0
3802045 1
57596708 1
78379707 1
96007038 0
20374635 1
62563760 1
24891856 1
54432119 1
99998674 0
42463773 0
99665776 0
70129963 0
81348768 0
51127404 1
604325 1
51772675 1
40555322 1
88340199 1
20066520 0
71001922 0
92820631 1
29381268 1
14910494 0
4229100 1
27637078 0
30038732 1
74073517 1
95224048 1
2963399 1
84460065 0
84672691 0
44449552 0
81637747 0
72146183 0
76613437 1
42595907 1
13761533 0
5435269 0
85111171 0
34561173 1
90946074 0
15829331 1
83157251 0
13132893 1
76756424 1
56661867 1
60624556 1
53735426 1
67454819 0
8154565 0
49021200 1
9385029 0
99076857 1
94885938 0
21595677 0
44255743 1
75290228 1
76765075 0
64493349 1
62182011 1
51650478 0
43522503 1
95263511 0
90638073 1
1088782 0
55283723 0
75918465 0
1402804 0
60023128 1
343904 0
95446920 1
57187240 1
99795909 0
75539323 0
44152242 0
68707876 0
67047840 1
31055995 1
79544253 1
23301019 1
29233455 1
96248977 1
66638346 0
72666727 1
98629687 0
60725782 1
79947848 0
90561248 0
32828703 1
29419956 1
61317978 0
99600479 0
39643201 1
49737211 1
14355950 1
93534575 1
44060628 1
86326400 1
37075125 0
2813051 0
8209805 0
25246213 1
10817093 0
64254539 0
93385801 0
12858683 1
87513090 0
93963461 0
88181433 0
10613405 1
84790235 0
51156573 0
38504900 1
75433866 0
28065350 0
83512976 1
85172752 0
14200078 1
53129521 0
74178533 1
65827235 1
15821372 0
7440983 0
73931839 0
86793969 0
16498209 0
18800469 1
60340987 1
40239294 0
94626198 0
86215074 0
63650694 0
27292820 1
3108853 0
99112988 0
39025690 0
34445364 1
98432813 1
84886939 0
70123210 1
83601622 1
96981016 1
45864872 0
38241264 0
54012772 0
14411238 1
98874276 1
37575406 0
37728585 1
44717409 1
10145812 0
73878875 0
91380518 0
68363489 0
97078021 1
26170935 0
59154115 1
2292421 0
31532173 1
73771865 1
71794721 0
62146383 0
76979182 0
99480882 0
67435917 0
7885069 1
12016601 1
55919702 1
48088067 0
33617273 1
11405223 1
84609118 0
2947924 0
1660473 1
37936761 1
75846012 1
1139833 1
24023892 1
79983783 1
13045181 0
49375039 0
32636299 0
87535632 0
870973 1
31651666 0
94980984 1
67755044 0
79833958 0
86903350 1
62914931 1
4074493 1
82203777 0
19804286 0
51194931 0
48833517 1
72995419 0
35879634 0
95743608 0
97848233 1
57884034 0
48136269 0
15898929 0
52952029 0
27337807 1
34302367 1
65080506 0
66686659 1
20332414 0
17490049 0
93176240 0
13709215 1
83860107 0
23597976 0
62243636 0
95609585 0
79680779 1
33404297 1
23444852 0
48928312 1
17442693 1
10582906 1
71015013 0
15069192 0
43610131 1
59861074 0
60535953 0
71582017 0
27396050 0
48508890 0
83791412 1
7006645 1
97333867 1
66917371 1
2309643 1
71489442 1
89797776 0
22407322 0
34021528 1
89765831 1
32727448 1
39688052 0
44608474 1
56654265 0
1269881 1
94432502 1
294015 0
69851731 1
17719986 0
11128536 0
97875068 1
78706500 0
39789865 1
42284725 0
65738162 1
28222054 0
77478931 0
22982469 0
80116364 0
48363694 0
89556433 1
98097625 0
41586169 1
28732547 1
39354439 1
65821849 1
40240923 1
53188594 0
49781195 1
22265682 1
40528578 0
52830598 0
86660850 1
12681825 1
32503209 1
13803460 0
95159333 1
71943758 1
58122354 0
96605622 1
14148447 1
30565950 0
21429286 1
30015335 0
2019441 1
46506289 0
47042839 1
64780759 1
20152197 0
87789910 1
76810583 1
64061259 1
88399689 0
53317470 0
20124631 1
41275864 1
11326572 0
22738044 0
83031291 0
12660393 1
7088396 0
58786889 1
61515774 0
22183824 1
55570400 0
72495490 1
23249182 0
23022299 1
67202769 0
98963722 0
62583608 0
67092438 0
55790311 1
31596026 0
10782622 0
1841800 0
33913567 0
71380447 1
67090265 1
65030534 0
35264402 1
84937279 0
72597432 1
23758236 1
89674732 1
32112837 1
44494385 0
2011517 0
35927105 1
97368618 1
7471469 1
14541280 1
55314253 0
94372035 1
4537470 1
8501634 0
77593852 0
84336266 0
67463787 0
6303933 0
62979587 0
29204036 0
70212482 0
63244867 0
70206109 0
92837046 0
65777973 0
9347473 1
6319584 1
7555956 0
96927493 0
60051970 0
81165436 0
55929487 1
67908097 0
18080133 1
4172089 0
30414695 1
72686108 0
31847613 1
60017640 0
38887480 0
47520969 0
73112003 1
24066262 1
66777363 1
80008486 0
40607802 1
48601143 1
4039830 1
20370624 1
76890423 0
28815985 0
78261995 1
36611641 1
72170060 0
83056007 0
31319280 0
14847409 1
95688174 0
20985574 0
50820955 0
2658185 0
72240621 1
74771856 1
34073298 0
59199618 1
1046841 0
66536108 1
40830965 0
82413674 0
57928395 0
84902153 0
81636601 1
12458570 0
17664830 1
47396074 0
78411541 0
29516212 1
11676287 1
21520214 0
63946899 0
57417811 1
55332057 0
32265176 1
97448979 1
78107483 0
36802780 1
24941741 1
66731483 1
3394656 0
92796252 0
17803404 1
91226455 1
54367232 1
23429534 1
28906830 1
364276 1
74313937 0
73495162 1
79633179 0
98995628 0
37343894 0
55679105 0
43980735 1
38722880 0
27023266 0
90652187 0
37231969 0
65952035 1
92786663 1
14079272 1
93710287 1
40060159 1
90154216 1
50846764 1
56176283 0
2527462 0
26297387 1
95582421 0
61619603 0
91547398 0
6857579 1
24526793 1
26842215 0
2147821 1
72752255 1
10392106 1
46281949 1
