25 
4 1 7 7 2 8 9 8 1 5 7 8 8 7 4 6 8 10 3 9 3 2 2 1 1 
1 3 5
1 3 4
1 1 2
1 3 6
2 4 6
2 2 6
2 5 5
2 5 3
3 1 4
3 3 1
3 1 2
3 4 5
4 1 1
4 2 4
4 2 3
4 1 1
5 1 2
5 2 5
5 4 2
5 5 4
6 5 2
6 3 5
6 1 6
6 4 6
7 3 6
7 5 2
7 5 4
7 4 3
8 4 2
8 2 6
8 5 1
8 3 6
9 1 4
9 1 6
9 5 2
9 1 3
10 2 5
10 3 3
10 1 2
10 2 3
11 4 6
11 5 5
11 3 4
11 4 2
12 4 1
12 3 2
12 2 1
12 2 2
13 3 6
13 4 1
13 2 3
13 1 2
14 2 1
14 1 2
14 4 6
14 5 4
15 5 1
15 2 6
15 5 6
15 4 6
16 5 5
16 2 1
16 4 6
16 3 2
17 1 4
17 4 6
17 2 3
17 1 6
18 1 3
18 4 5
18 3 1
18 5 5
19 4 5
19 1 1
19 1 3
19 1 3
20 1 2
20 5 3
20 1 1
20 5 5
21 5 1
21 4 3
21 3 4
21 2 4
22 3 6
22 3 6
22 4 1
22 3 1
23 3 2
23 1 2
23 3 2
23 2 1
24 2 3
24 3 1
24 5 6
24 5 4
25 5 3
25 5 1
25 1 6
25 4 3

