17 
3 6 6 4 2 1 10 8 1 6 4 9 6 3 3 6 10 
1 4 4
1 1 2
1 1 5
1 2 1
2 4 6
2 1 5
2 3 6
2 2 3
3 5 2
3 2 5
3 5 5
3 4 5
4 2 6
4 4 2
4 1 6
4 3 1
5 5 6
5 2 2
5 1 1
5 3 2
6 2 5
6 5 6
6 2 3
6 5 6
7 5 2
7 5 4
7 4 3
7 3 4
8 3 2
8 3 4
8 5 1
8 4 4
9 4 4
9 5 6
9 4 3
9 2 5
10 2 5
10 2 3
10 2 2
10 5 2
11 4 2
11 3 2
11 4 3
11 1 5
12 1 3
12 5 3
12 1 2
12 1 6
13 2 2
13 5 2
13 5 5
13 1 4
14 4 1
14 2 6
14 2 6
14 4 5
15 3 2
15 2 4
15 5 1
15 5 4
16 1 1
16 2 4
16 3 2
16 1 2
17 1 5
17 3 4
17 2 5
17 3 4

