16 
8 7 3 10 2 4 6 6 1 4 2 1 5 4 6 6 
1 3 5
1 3 2
1 2 3
1 3 1
2 4 5
2 1 2
2 1 2
2 5 6
3 5 2
3 1 2
3 2 1
3 2 3
4 5 2
4 2 1
4 1 2
4 3 2
5 5 1
5 5 3
5 5 5
5 3 2
6 1 2
6 5 5
6 5 4
6 4 3
7 5 6
7 2 3
7 4 5
7 3 6
8 1 2
8 5 5
8 5 6
8 2 2
9 3 3
9 1 6
9 2 6
9 2 2
10 1 4
10 3 3
10 3 4
10 2 2
11 3 1
11 1 3
11 2 1
11 4 4
12 2 6
12 2 5
12 5 1
12 1 6
13 3 2
13 1 2
13 3 6
13 3 4
14 5 5
14 1 5
14 5 6
14 5 2
15 5 3
15 2 5
15 4 5
15 5 5
16 2 2
16 3 6
16 2 6
16 5 1

