28 
10 1 9 3 2 6 6 7 6 10 3 3 4 4 3 8 1 6 10 8 7 2 2 4 8 4 3 9 
1 5 1
1 4 3
1 2 2
1 5 3
2 4 2
2 3 1
2 2 1
2 2 6
3 2 4
3 3 2
3 2 6
3 5 1
4 2 5
4 5 2
4 3 2
4 5 4
5 1 1
5 3 3
5 1 3
5 2 4
6 1 5
6 4 3
6 3 4
6 1 3
7 1 1
7 1 1
7 1 3
7 3 4
8 5 2
8 5 4
8 1 1
8 1 1
9 2 6
9 4 4
9 4 3
9 2 2
10 3 6
10 1 1
10 5 3
10 2 4
11 1 5
11 2 1
11 5 5
11 2 2
12 4 4
12 3 6
12 3 5
12 5 5
13 2 1
13 2 4
13 5 5
13 2 6
14 3 1
14 3 2
14 2 2
14 4 3
15 4 5
15 4 2
15 3 2
15 2 4
16 2 4
16 2 1
16 5 1
16 3 2
17 1 4
17 3 1
17 4 6
17 2 6
18 3 4
18 1 1
18 3 4
18 1 5
19 4 2
19 3 3
19 2 6
19 2 5
20 2 5
20 3 3
20 2 1
20 1 2
21 5 3
21 1 4
21 4 6
21 3 4
22 3 4
22 5 2
22 4 1
22 1 5
23 3 6
23 5 1
23 2 5
23 5 2
24 2 4
24 3 4
24 2 4
24 3 4
25 5 2
25 2 3
25 4 2
25 5 4
26 4 4
26 3 4
26 4 3
26 3 1
27 4 4
27 2 6
27 5 6
27 2 1
28 3 5
28 4 6
28 1 1
28 1 5

