30 
6 5 6 2 5 8 1 7 10 6 7 3 9 2 6 3 3 10 4 3 5 9 5 10 9 8 2 10 7 3 
1 4 6
1 1 4
1 2 5
1 2 2
2 3 3
2 4 1
2 4 4
2 5 2
3 2 1
3 2 3
3 4 6
3 2 1
4 2 4
4 4 2
4 3 1
4 1 5
5 2 2
5 5 6
5 2 2
5 5 5
6 5 3
6 3 6
6 1 4
6 2 6
7 1 2
7 5 3
7 4 2
7 4 1
8 2 2
8 3 3
8 4 2
8 3 2
9 3 3
9 3 3
9 2 2
9 5 5
10 1 6
10 4 2
10 5 5
10 3 3
11 4 3
11 5 3
11 4 2
11 3 4
12 4 6
12 3 5
12 5 6
12 1 2
13 2 1
13 5 4
13 2 2
13 2 1
14 4 1
14 2 3
14 5 2
14 1 4
15 3 4
15 4 2
15 2 5
15 2 1
16 5 1
16 4 5
16 2 6
16 2 6
17 5 1
17 3 1
17 1 5
17 1 2
18 5 6
18 3 6
18 4 1
18 5 3
19 1 2
19 4 3
19 2 6
19 1 2
20 3 4
20 1 4
20 1 3
20 3 2
21 2 5
21 3 3
21 4 6
21 4 3
22 2 1
22 3 1
22 4 1
22 1 4
23 3 4
23 3 3
23 5 3
23 4 3
24 5 2
24 2 1
24 4 6
24 2 5
25 5 2
25 2 4
25 4 2
25 3 1
26 4 4
26 1 4
26 1 2
26 4 6
27 5 5
27 2 5
27 2 4
27 1 3
28 5 6
28 4 4
28 1 5
28 4 4
29 1 5
29 2 6
29 3 4
29 1 4
30 1 2
30 1 3
30 3 3
30 3 6

