44 74 98 
6941 
6825
305
4442
7914
4076
8171
4567
2990
1962
5269
1994
7052
2966
2579
7327
2347
6675
2994
1179
3386
4067
5923
3804
5135
6885
2148
5752
2376
5793
2241
8596
2292
1441
9851
3532
5489
6282
1576
6674
9697
6005
1198
5977
3574
6350
9634
8355
7871
7437
9916
8268
4153
1628
8385
5916
3931
1226
6410
5011
1895
7087
5892
5133
78
2583
340
2176
9103
7155
1363
1185
5287
9456
8569
7337
2468
2674
3279
873
858
3273
107
3709
7956
6972
2601
5773
7648
6091
746
3439
4042
8966
2601
3401
3133
5103
2273
4197
4490
1777
2525
7658
490
6996
6553
6785
2037
5437
6570
6344
8264
2250
7560
891
6508
7384
3067
8177
728
7671
9820
3488
8591
8383
6608
8146
1389
3509
8683
3784
9973
477
9598
5741
3218
511
4903
5544
426
63
3189
7825
2435
9262
9494
1464
9515
7056
2230
2907
2581
2046
795
7804
3403
900
520
5729
8762
7217
1845
5273
8173
6593
6622
7802
1913
636
6575
1801
4938
8804
1109
5504
5223
3488
3026
385
4153
6191
8628
3368
3632
4158
5056
8228
6917
5800
3581
7753
1583
6114
5644
704
4357
7041
6552
6818
8564
7587
4929
3655
2524
1061
7545
7392
1414
7038
5810
7464
9121
4945
2261
1657
905
846
7779
4603
3266
223
9449
4201
2392
7993
9296
4114
9542
4169
4369
446
4899
6129
7929
3133
5980
3796
2594
8668
1170
7486
7714
5639
1568
8569
663
143
7527
7099
9033
9165
5459
2397
7504
9688
4099
5871
4437
9214
4783
9637
216
3439
7867
3444
5674
734
4205
7378
2265
2071
8014
2980
8171
9484
3720
2699
2384
6867
4499
2688
6085
448
4390
5199
9226
7177
4773
4804
865
1818
7527
8184
5767
8249
8316
8452
3795
8465
9
9416
463
9256
3504
4702
6297
9978
7912
2670
4322
2279
2645
9975
6217
2334
8907
5391
435
2584
8607
7679
6026
8630
6350
8372
6549
7681
3295
392
9096
5606
5592
9648
965
3878
3015
4271
541
8765
8118
324
9048
2446
1290
7066
8467
7879
6562
7263
7914
8825
9343
4453
6138
9213
5769
7678
9780
3635
7255
8374
5703
497
1988
2906
3946
3655
5940
2984
8771
2883
5228
4336
2426
2416
2151
1955
3630
8573
7196
7906
8011
2635
976
6426
2020
2266
2244
6531
1343
6254
3052
6902
8386
4685
6143
5488
9027
9822
1900
9502
9767
6064
2508
7900
3516
5656
7312
3881
7186
8697
9423
8569
9889
274
9671
3125
9855
1610
8672
8054
8317
7605
6187
6839
2584
5511
8426
9884
1414
3175
4868
112
6006
1426
9436
4185
2410
7223
5755
9974
8596
1440
9939
6765
5863
5886
4581
8989
52
1154
8274
4289
1799
6063
7647
6812
4238
2219
6469
2308
6343
6347
4210
7082
4546
1528
4786
8986
8470
4675
6065
4989
3208
4154
3906
4922
759
7620
2194
4752
3529
2214
2207
2538
8792
5869
932
8280
8345
9273
4071
6984
6991
1815
821
2696
3069
7821
2698
9813
9335
6083
7173
8107
9979
4420
2065
6748
7163
4428
5215
547
4479
9162
2894
3967
9402
3279
991
7391
5575
4808
7990
5130
6391
9862
9635
5616
5223
728
9776
7764
680
2731
8884
7993
2372
5477
3318
5104
9651
5917
7452
688
3663
7414
6129
560
7711
984
8593
9353
2214
9623
2774
4820
5097
8034
3593
4798
5401
2673
9858
2335
4426
6035
5485
7786
1896
3346
3478
1239
2824
1294
69
1652
6407
1303
3597
8609
9783
3578
6683
9063
5252
8882
2305
6177
279
8168
6691
2948
6627
8348
9465
774
3343
9601
404
1100
259
483
6627
8223
7687
5234
3197
3216
8846
2540
5863
287
3422
9211
6243
2893
9454
6999
8171
4772
5624
5894
5397
7335
7279
4688
495
2519
3234
8675
2904
2614
3531
9936
1416
9260
1432
8839
5430
7447
7725
1677
4220
8651
7863
825
7969
9166
1043
888
4551
7079
5112
8039
6508
6053
358
2062
8653
716
1026
4727
5669
1830
2838
7052
1835
9540
5697
6228
2351
5330
3860
657
7193
6886
3356
3594
5560
1239
3066
3309
8310
3195
4613
5633
9617
525
1164
7678
3037
8534
8081
7986
5988
8868
2438
3516
1026
9637
3998
5717
83
2197
2975
9951
3032
8799
3020
2276
4822
9842
7353
488
6260
6404
4764
5717
7844
1734
4898
3093
3210
391
5954
588
7819
1567
1528
9321
9927
8597
7775
5669
7295
4955
7732
7525
9079
1043
8533
4115
7681
9477
1028
6758
38
5756
6690
5495
3097
1738
8685
6307
5421
6244
2402
9962
4566
3393
1504
6060
6231
4249
4432
5775
7912
2143
2779
2414
671
3082
6689
3015
4506
4762
9324
3769
2515
9442
3490
3054
2644
5800
5360
236
1472
9516
4846
6288
1674
440
2027
6699
2989
6244
8314
6248
7495
6005
3339
729
5465
6009
1383
2406
2281
9651
7012
9889
992
6377
5076
6923
8555
9764
9512
8818
5585
8252
1069
8672
2029
9917
2246
2967
4701
9959
7076
5206
7442
1347
710
437
8491
3734
179
4769
6596
4748
2369
3859
189
9647
8341
4099
6146
5402
131
4695
1450
3846
2559
2950
9853
967
1564
1170
5107
9329
7461
709
2394
8512
6117
588
205
4009
5041
4190
9838
7094
954
1515
8383
3092
4592
6636
4298
9787
594
5829
8022
8745
1684
6199
271
3472
300
7354
9504
9805
1697
9467
3666
6187
3385
6430
2472
9089
3004
8638
9816
4425
3859
9889
9237
4640
3418
1637
5725
1583
3704
3452
9449
91
2088
9620
2125
9185
3518
252
744
2519
6608
8016
8899
2338
8724
6588
6321
4697
6834
7702
2909
4275
3469
9036
6090
1500
5366
5845
9002
5786
4419
2249
6559
4344
8228
3832
2711
1336
8817
8556
28
562
1985
9433
1456
8372
8563
7721
2399
1809
5494
892
8452
9431
8807
2830
4981
4528
3999
3988
344
7483
1983
3438
8198
8598
1571
7975
4
4211
2848
2141
1438
9834
1832
9586
1271
1762
9057
8753
3892
2456
6116
6706
512
8622
2326
4723
9105
2878
1594
6035
1821
3582
3873
7733
1581
6884
5703
3951
3300
3970
2576
1436
4351
5011
9517
1749
8939
4072
856
8085
9173
2006
6010
6946
272
2845
8116
2308
2755
139
270
1499
429
3109
7349
5437
8477
8175
6876
772
8488
5859
8047
8440
5370
7686
6570
2070
4511
1987
8789
1028
8269
3660
7300
7651
8461
2234
2111
8270
1605
8261
9731
8020
5271
3428
5108
4487
1975
5123
589
4440
6849
2461
3401
9846
5954
6083
8906
4215
5986
3043
5056
3915
8107
4917
8349
8478
8671
7878
4758
8235
8177
9673
6548
2215
8509
6222
8697
1140
6302
1071
8402
8381
8797
3958
8069
9905
9413
7277
3922
6312
660
8423
1129
8607
9933
1434
1979
9760
9176
4497
4264
6491
3009
3865
1697
5537
2498
7036
9349
4469
9807
3446
6421
1606
9725
3086
5822
864
1895
1900
2920
9907
1149
3472
3017
5643
7187
3328
8128
5725
5939
2606
9791
8625
9448
8750
4380
9432
7070
9399
2637
2949
7566
1350
751
4757
6869
8437
3277
1285
5304
29
1527
7550
1826
5655
6906
2686
1940
2362
9931
9787
4135
2416
7551
9990
2485
8044
1019
2528
421
8215
3222
1952
4535
8907
9732
9315
688
1794
477
5511
1729
2833
1765
6578
6015
8011
2672
5675
2084
59
3659
2388
8279
4111
5780
3658
2429
3710
56
5315
8951
7233
4648
1673
5506
5928
3043
3385
4413
5124
4629
9407
9800
7144
4091
5583
7412
1133
7410
2611
1854
4458
6763
1878
3830
8214
5757
4750
5939
8763
2696
9597
4516
9162
6646
7323
349
7021
4100
8288
43
8895
1611
7336
6640
5239
5480
4278
1332
1086
4286
8556
9409
2607
5466
6169
4007
5086
3779
9015
4727
4861
6774
7095
2604
2827
1673
8140
9273
5281
1771
4425
2604
7057
3281
1898
9964
3401
6716
4278
6612
8283
6484
2917
8827
7714
6950
1741
388
3063
163
5415
8185
7785
2262
1939
7149
8265
8090
4534
145
8126
7642
2907
7167
693
2733
9180
4307
1929
4473
966
4458
9090
4730
4657
9988
2567
9750
9050
3478
8352
2438
1472
7422
5957
4593
9771
8912
1903
4864
2808
6251
6521
4748
2252
5245
2995
7719
265
1108
6618
6744
6167
455
8808
1016
7304
2324
6544
4880
7628
7580
366
5859
9833
6527
9813
5949
1173
1853
2270
4045
4589
4147
9043
3196
6198
6416
2656
1788
8307
5516
9568
1079
3717
4333
5997
491
6904
8004
4573
2689
662
1942
9521
3809
2733
7211
9541
2095
4285
5067
5214
5409
394
1792
7764
7911
6935
8079
9717
2131
7351
8110
7034
1833
3426
5603
7145
2781
3620
4628
5057
7843
6291
7232
74
8328
6162
6054
4308
3606
8409
2111
5646
2739
9878
9759
2560
1585
7833
310
985
551
7018
4193
9657
6086
7915
2933
7776
1043
788
5727
9694
3193
9740
8470
3099
4908
3870
5491
610
4323
6889
9895
3089
1978
248
719
1214
6648
7102
1727
747
927
1660
485
6933
7698
623
4360
1683
2434
7830
6561
9890
4417
2485
2350
1478
4500
2808
5951
4570
254
7427
1061
1785
678
9607
2570
5134
5118
6716
3932
2119
3493
1113
7885
1450
5526
9339
7634
3823
64
2266
7086
1795
6308
9893
7594
4779
9638
7617
4241
5542
7891
8445
8907
2052
629
9121
5417
7690
9549
7317
51
7930
2433
100
1160
7623
4629
1834
8929
2180
751
6077
8785
4837
3335
2128
1710
1893
3284
8286
5079
2379
354
8820
3440
5878
7121
4022
5983
4032
1576
932
9337
9119
7496
5151
1340
6043
5094
6688
8084
2859
4455
3337
4471
3473
6688
8483
9685
2325
9995
4525
9961
4597
481
1122
3528
5441
8492
5578
2496
3727
5593
8462
8971
6864
5151
6892
1724
3685
1004
2297
4479
4855
2332
6006
9454
6848
9873
5066
1181
5218
9535
4322
6533
3014
4070
9977
3034
2502
8563
3626
5704
5652
3545
7861
8767
8634
7175
1070
2987
3941
7151
3824
851
1277
3594
9380
3958
9265
8715
2156
4912
4986
5302
9323
9479
6576
8096
289
6159
1326
3057
233
9546
829
5841
6704
5024
3856
3588
2496
7155
1368
6012
3194
5995
6839
2114
6879
9069
7195
7061
7187
7423
2803
315
2111
2732
8427
7216
2998
5060
663
6700
4431
6090
2967
7286
9929
6542
1426
5617
4428
1431
3994
7054
3046
560
5351
5511
9792
2978
4729
9540
9279
9108
9751
2145
6159
8463
8965
4383
263
6696
2329
5391
4606
6677
5614
2970
1696
645
7354
6677
8168
643
9407
1419
9423
202
4953
1467
1822
9052
4678
8973
7234
4759
3361
9326
5091
783
8044
8370
6971
451
2201
6649
6099
7318
7877
6956
4955
6452
5150
4014
7443
278
9381
6247
3803
7153
2428
6758
6904
7146
2159
4851
7732
2481
2445
3539
8046
7436
9625
1566
5159
8435
7806
4797
6932
4586
8118
2922
9460
7755
6642
7285
9630
2020
606
2142
8801
6783
8185
8571
7027
5707
4276
9741
1237
8052
9411
227
3253
4435
8669
8475
5165
5967
6013
3965
5915
8360
5105
8064
9818
2317
4016
6584
4770
5715
6078
9897
2731
6195
1676
5909
9904
4433
6143
9850
5995
2234
4033
136
8404
1159
7234
3676
4472
2188
8955
5080
6706
8272
690
995
2818
2921
6199
3285
1822
3917
6756
7448
9114
6779
6744
1475
2061
3774
2016
461
8387
8840
7276
7340
9154
2339
5674
4177
4808
3738
1730
5759
562
6940
165
9126
1429
9552
9754
2639
5390
9259
2914
9825
3587
9008
4515
3614
4986
3013
740
8671
657
6042
663
123
5530
3226
8680
9665
2149
409
9194
404
9253
4759
5609
8570
502
9374
8218
9604
6150
437
5941
8171
9995
864
2819
6617
9255
8044
5496
6063
4608
4301
5411
7596
8560
8787
8958
5152
2378
318
5644
3702
3709
2992
2762
6632
6614
9491
3378
1866
5847
5555
4874
4096
2223
5989
2574
6592
6269
3930
9916
2679
1816
4026
2925
4267
2440
4935
1190
3473
849
5613
9390
3936
7183
8972
1497
3156
3143
5547
256
7733
2643
5527
124
9745
6886
7230
4307
7927
5605
6479
4334
4964
7121
1312
780
6896
3757
4059
9664
856
9899
2881
3655
6199
9028
1470
1272
2242
7817
3598
240
109
9480
5681
6154
8314
5508
5758
8887
2076
8177
2121
3704
118
5923
2083
6971
7560
1998
231
6884
8437
6946
152
9986
2216
2525
8923
6177
6973
2133
7884
7384
5648
8618
6200
4570
1680
4286
7925
1466
7272
4265
9300
8153
7627
3270
7980
3960
2331
308
3906
9715
1218
7062
1247
6188
7174
9569
1742
5608
2184
1467
9706
4958
4263
6037
5047
9886
7099
4704
4404
1276
4346
9257
2867
2002
3897
9130
7977
7
9418
1047
9067
5286
2156
7990
8325
4894
5277
6926
7449
2550
5340
5082
8886
1389
6729
3913
427
7286
5681
8193
878
3291
1717
8002
3420
2966
1895
2957
3259
3980
5630
1056
99
7381
8821
8549
4590
7869
3274
4908
6892
8468
3198
98
8228
3295
6074
5483
6450
6389
8449
2727
8469
6951
8679
9864
2769
5876
4246
6821
922
1293
257
9011
6491
4692
2958
4662
5764
5766
3252
9548
7547
6287
3981
3268
3098
9180
2137
9107
240
646
6731
767
9090
717
3353
3870
230
6466
5277
7832
5241
5250
9065
6395
654
2154
6400
1727
5836
3626
7965
2512
954
7917
3338
8786
3838
8700
8476
331
3495
2385
4443
9225
2591
4684
363
8657
413
6590
8760
4874
4313
9848
7910
7599
7557
3290
1523
511
2312
1958
4948
9970
1099
4394
8867
2398
6702
8030
4284
6405
2107
1087
461
3195
4531
5154
3345
2054
8173
8258
2937
9792
7879
409
9063
8469
1155
6682
927
5056
5270
9713
8308
5589
9766
1870
7015
6497
9196
2944
9204
3286
1607
4091
9408
8784
7760
4484
1170
5822
3167
9992
4339
6761
3212
8981
5088
7562
9543
7706
1208
3606
8538
5291
9683
8645
9990
3446
1291
2206
426
5597
7137
2113
6172
5618
1337
4546
6807
5343
6866
8109
2742
9588
5680
1431
6467
5237
2252
409
7529
5575
9049
4263
1800
6677
8557
5807
3723
4114
3406
2323
984
5544
49
9707
9518
454
3678
7940
8706
830
1621
888
1974
4247
8398
4286
2255
888
6493
3622
7477
9235
2859
2586
3526
4623
4934
1759
5959
3102
8734
8380
5583
5524
2743
5268
2912
5217
7021
6470
3293
2804
3999
5587
515
5531
7529
6325
5919
5746
1138
165
4574
2708
7622
369
9671
828
4266
6730
8297
7871
8936
8086
6044
7367
7797
2137
7580
5055
9617
2514
9179
5347
4245
1885
7348
5959
2040
6043
474
7716
6920
8253
5857
6205
6490
5735
7552
6448
2418
8709
8648
2828
2736
8865
6724
6030
6408
6873
3790
3765
8486
7805
6947
9063
2557
7002
8751
381
8843
3440
6544
5762
9725
6734
8200
5212
573
5102
7951
3732
7693
8508
3213
8481
6283
5424
8003
7629
4108
8359
8938
9583
8374
9329
5614
3927
930
2540
7331
9590
5911
6035
3756
7094
4518
6654
564
6815
5885
8214
9655
4358
5367
1138
5992
5372
1074
8018
1072
4778
3149
9201
1467
3126
3412
1284
5347
805
3434
6880
6589
1400
5363
4273
9769
3159
3222
7078
4898
7876
6783
6869
5300
8571
3614
7245
7684
2384
3389
5177
7523
7858
3243
1264
4878
3808
1670
5942
3774
7645
2820
9064
7192
1383
1679
398
754
9537
6188
7936
8108
9579
4305
8695
9357
693
2669
2018
8516
4900
6589
2250
2159
5639
3732
7410
8066
6001
211
5063
57
5555
6162
7219
3102
9240
1842
1006
8712
5386
6966
9948
7493
9979
3692
6779
8752
4085
8968
8268
6479
9550
7576
7744
26
4306
8869
8538
9108
4270
7131
3083
2440
9132
709
4754
4568
8903
3894
1490
9334
9067
445
9971
6650
1260
5848
6557
2875
7857
9924
5168
3937
9654
731
3027
3434
7540
4370
731
9516
8919
8896
4552
9950
8415
2390
2608
3482
1752
7774
7578
4924
2051
6449
2933
5681
5545
4727
1762
7512
6866
5347
2241
6671
9006
92
3511
7527
1182
5951
2260
9225
443
826
5662
5705
8205
9846
3885
9239
7208
124
6355
373
8297
2988
3500
6058
8359
6258
2697
1281
2765
9901
605
9381
9460
856
1129
7739
7156
9866
6493
3684
755
9810
4151
5070
3541
9434
3201
8987
2570
2770
5368
6478
1385
881
1224
6652
2602
926
3040
8144
1464
9927
2795
9670
6930
4201
7661
5425
2888
6519
7658
1351
2391
5938
1740
5593
8044
5121
4531
9134
1519
1867
4590
3756
799
7713
4032
7880
5316
3140
4961
1614
7540
1596
1859
9802
2494
1719
5004
7112
3934
289
8695
5259
407
8564
9449
6635
5019
8767
4946
9227
3968
690
6618
4570
2000
5370
5796
3067
8762
6221
5480
9426
5847
2327
6595
3672
185
5049
3909
4006
233
9866
1689
6665
4163
3456
3602
1838
1735
4596
7812
6029
9548
3757
7831
1200
7104
1169
3069
1526
1704
8066
8481
9309
3940
6069
2866
6379
8656
5467
5897
2800
1398
4238
2245
1383
1395
2546
3499
5436
8958
5361
8604
2044
4973
7134
8371
6798
9764
8263
7720
1178
8731
1656
2201
7434
7439
7682
8098
9144
8682
5965
9890
6306
9018
7836
5264
9907
5623
822
4332
252
8296
3073
8466
9881
4852
3769
1901
5291
9901
3454
2920
5361
9268
8000
9942
9712
3699
3171
3904
3583
2873
5046
8002
4845
4971
9379
768
359
8870
1572
9373
575
115
8208
4677
9891
8258
6883
928
1582
3532
8141
1213
1491
3220
3669
5836
198
3705
393
8578
4836
6485
2941
3460
3542
7761
3434
2156
791
2907
1844
137
8844
5396
222
1860
67
3535
2421
6145
7018
55
9450
9934
9068
5852
8412
3718
5233
7434
6204
269
2883
235
8577
3815
9935
7732
6424
6832
4710
1877
4367
8472
9263
3972
6916
6435
3470
3856
5287
1704
87
4945
6558
6061
9849
9301
6602
8613
5482
7931
2672
8438
2918
4025
7222
3062
1977
9569
9761
5934
6350
7453
6960
765
4236
4585
5236
5977
113
1741
1224
6341
9494
2922
7609
970
6809
5342
506
6138
5637
3547
4735
5539
9584
1219
5349
2557
1759
9184
6630
8840
7758
1693
4960
3883
4605
8130
3487
7110
9706
5349
6376
9732
611
9897
6700
8675
571
3415
3598
6189
7846
9509
555
6372
6563
2862
3433
5955
3461
9449
1778
5473
1959
4393
3473
7116
2386
8023
2877
7405
915
5639
6847
9571
6202
8795
3576
9257
1407
3992
7173
5139
7737
7711
8699
7455
2361
5663
9404
4710
7917
1518
8166
7392
1772
9883
146
4540
6957
1378
2562
3934
545
6888
8070
170
5498
3359
886
1839
4266
5016
8220
8035
7037
7135
9907
7623
6398
1425
7283
8238
1546
5807
9888
1847
262
628
5244
3534
3657
3281
6392
3638
8999
3711
8546
41
1855
3861
9921
894
4361
1193
6556
3802
8576
5055
2380
9037
5878
6779
3322
8042
3474
178
8283
639
2621
9610
5222
8569
1145
6796
7453
1136
8149
4376
1733
7165
4336
3732
6559
8166
7439
6
2100
3370
3712
2696
99
6356
7460
4811
1715
627
1981
8478
6137
5015
9239
2981
6084
9327
7357
5118
9034
2574
2206
9254
3931
4703
3103
6535
5478
1803
1448
5275
5854
3370
4431
7757
7053
4790
2842
6127
8693
7910
2797
1383
5021
7510
4509
7824
3296
6609
6107
6572
6928
268
231
2746
1108
5264
5265
8128
3671
9633
410
8906
908
2170
8340
3161
5889
7929
7268
1079
75
7158
9767
4630
4897
6749
4272
8567
100
8122
7433
8427
6534
7810
3860
9477
1719
4854
715
1959
9715
5231
4334
4447
2981
9707
8773
2920
7484
7151
4197
2088
6240
82
5933
8916
7760
1753
9424
5341
264
9396
2351
5346
2542
2023
5510
4053
1879
3273
1190
2415
2784
4658
9092
6711
4901
1847
7047
7146
6704
9400
4766
786
436
4817
7894
9029
9814
532
8708
8158
3448
6099
653
3784
8473
449
543
5356
2460
1636
3662
1463
9239
5982
8080
7722
3675
128
3491
8632
9658
1934
9491
8233
3092
2999
3631
6614
5487
1478
198
8265
7319
1561
930
7473
5059
1635
5962
8095
2075
3902
6400
3031
8038
6769
248
3049
3822
9926
440
3411
7848
4069
9427
8115
6930
5548
7355
689
6014
9304
2944
8079
4217
8567
6986
352
6455
169
5475
10000
9276
796
7556
5611
3606
9250
9534
8500
6774
1551
5937
9424
184
4914
5252
790
9058
4575
877
8821
2913
9987
2860
4994
4191
129
6602
5388
4292
9813
4641
2590
2752
1121
3324
6312
8221
1880
6876
1907
4754
7224
3517
8821
6704
4623
5936
8632
8232
8736
2781
3027
6710
4562
911
3443
9816
8286
4941
328
6986
9974
4175
2703
7421
1200
1369
6557
8950
4226
120
5867
82
8872
8818
2939
3266
1529
3378
3611
3872
5762
9207
7063
9280
179
9463
3248
4245
6629
7105
8406
6764
9186
3342
944
6121
4315
4632
5790
223
2502
4487
3951
999
7390
7206
8592
4263
3754
4075
8692
1813
6340
2229
1192
6148
4247
3823
3401
6737
5232
1071
7005
5362
2701
1332
1781
2480
2326
2933
1880
6038
9504
5119
2385
1667
6054
4193
8596
4068
7401
7372
4957
9406
3052
8195
2306
701
1518
3035
3034
4485
6331
4008
3783
3322
5774
8900
854
3102
4798
9096
5609
3828
9773
4774
9783
9961
2452
5473
3044
1393
2769
8980
3290
6652
2846
629
5396
199
1355
2851
1014
6502
3019
606
2064
4689
1520
1105
9470
4374
6467
8587
1162
468
5308
1660
1399
8512
7398
1061
8047
9945
7605
1323
9610
3895
2910
4245
6885
2769
2798
495
65
1759
2440
6540
5992
4505
6991
3700
5964
9205
1728
6708
6907
9567
266
5381
8199
3711
5189
5175
6763
8214
9733
6900
4729
4423
8491
6930
734
4592
4760
2919
9821
1324
5267
1684
8959
6127
6875
1219
5964
4392
3253
7556
7333
4299
6752
4660
6038
7067
2564
5617
1715
3046
1293
2600
7359
4039
2688
9103
317
2045
1861
9128
2778
2083
6288
2886
3046
4010
698
9165
9097
1179
5002
8245
9079
32
2141
2390
2577
1867
3150
7974
5773
2886
4710
3707
3157
3182
5276
8047
2802
9772
2303
2734
2965
1425
4507
6588
506
6829
7638
9918
416
2708
8596
7728
5885
7052
2659
6697
5789
3348
9884
4554
11
3069
3746
8896
6170
938
2694
67
1431
7912
8625
4075
5169
2938
204
7358
3773
3503
2489
8988
2828
325
394
5251
494
1882
3888
1723
6256
4907
901
2221
3599
3884
6162
3495
3342
7278
4877
9246
3271
9963
3885
1802
4171
6490
5002
4894
8746
8574
4890
6971
262
9939
5128
9442
6335
8614
1901
7206
4469
859
3729
1594
8629
817
8184
2483
1365
5836
9538
4626
4916
5145
4049
4590
1757
4448
9785
9799
9219
4604
7771
3968
6005
9666
164
8130
1277
9140
9631
3170
7513
5843
8062
3609
7601
2908
5024
9362
5380
2261
6057
9719
3649
8930
7499
8153
2831
6963
8379
3614
1939
9758
1620
8708
6095
8744
1931
5913
2386
7786
5886
1829
13
7811
8810
9085
4016
410
3762
7752
116
4083
8311
2087
6343
1384
8094
3187
5060
9397
7026
3338
1157
5918
7405
9144
2405
5774
497
6901
1819
1718
9297
1579
3941
9902
249
4908
9488
37
5199
5339
8261
4090
5070
8615
5023
3324
6884
3947
626
4470
9463
8462
1505
8576
6296
1578
4075
4434
5120
7763
8262
7688
9554
2701
6309
9581
3319
1654
5863
9172
2625
8702
8189
8309
6790
6706
1385
5834
2322
3914
3784
2225
7297
3342
343
169
3607
368
3703
6909
8663
2882
8697
3206
553
1781
609
8973
7166
4488
7521
5826
4203
7347
9837
8973
3162
9680
1568
592
6954
6470
1176
5061
1807
5470
1044
1001
9428
4573
834
1403
1110
4132
747
1275
8214
7422
5946
5021
8332
2835
8130
5178
6132
4684
6196
4571
2822
4664
2395
1472
8965
5364
3573
7987
262
5799
1734
1997
723
1094
1176
3658
3324
5305
6456
4177
3130
6102
6360
323
506
452
7751
5887
9245
2601
9490
8869
7929
6531
2443
5279
349
1811
3866
1644
2047
633
3505
4187
4488
4323
6973
7343
2591
2817
4754
6261
250
9881
90
4343
8630
5818
7647
2353
9402
1449
5873
4599
9961
3075
4735
399
786
2674
7409
5724
479
181
2377
2711
3470
6520
8093
9989
3869
4984
4507
506
9882
4536
8608
772
7083
892
7851
3651
3647
7337
4160
4789
3687
5734
4912
555
168
5565
1878
3798
3476
4132
9004
6372
6865
8382
4610
1034
3098
1457
2547
5098
4253
9781
7185
5273
3115
5658
3411
2007
1586
1566
6688
5591
7307
3550
9384
7563
978
3366
4283
8146
1760
6360
8477
5575
7455
4539
64
54
1155
5597
2225
3099
3478
5866
5668
1806
6237
8221
6799
3692
5058
1195
8257
9176
4607
6834
9614
3883
1021
8776
2351
6635
7975
8357
1607
1903
5433
980
8310
4159
8556
7563
4576
54
5307
6024
7063
980
861
6040
9961
8598
2328
4486
6334
8645
1578
5817
8242
5692
6100
8196
9612
2049
643
54
8703
6659
9130
9429
4686
9969
3572
2352
780
6181
6346
3821
5804
3442
467
3556
9872
5556
3231
4790
4944
9803
7200
4396
1464
4215
4285
1364
3118
972
1261
4024
1298
7975
4722
9169
7265
5830
8703
290
5730
6668
5080
3433
2324
9904
2750
5441
4547
9146
5232
2023
2829
9857
575
1175
230
3310
7145
4153
3989
1917
4499
9684
5010
3538
6656
4864
6445
5422
8895
5181
2744
5256
2666
6385
6776
5703
4900
9618
3738
9996
1164
1270
9961
6010
4384
1584
2918
5990
335
1158
4896
1437
5479
4128
2860
7277
6590
5535
1373
390
3785
1563
6721
4792
9670
898
6393
5536
8791
4968
4272
2294
2845
9425
1463
3154
7737
4702
7021
1067
8208
6373
1078
4640
5883
8135
8614
4119
2472
1049
2576
983
5534
2358
504
6644
3700
6433
2801
9353
8313
7453
6904
1693
7445
4562
1933
3800
8529
4386
1957
2915
5553
5439
5300
7304
4854
2982
6639
7900
6654
2263
3668
4011
4287
5123
397
8209
4366
340
6061
7566
6355
262
4596
116
8643
5750
509
7925
5027
5866
4447
6150
8836
3772
2002
4213
4347
3468
3810
3017
6177
5450
2834
6213
2275
7339
7195
9204
4677
5165
7639
8396
6722
4044
5189
9773
7953
3511
7662
587
9861
4149
6967
836
6981
1867
4209
9663
3778
2553
4946
8008
9378
7200
3948
6970
736
6548
9945
2825
2917
3799
6460
9734
8628
2895
9110
8301
3031
4719
2399
4000
1219
72
6239
6929
6409
419
5265
639
6105
6022
6995
7584
7203
5097
5241
4406
3320
3471
2037
1301
117
2005
4651
4402
7992
8474
2762
6407
9997
5135
6673
6323
6336
8833
5025
1484
5437
5793
9861
780
8364
9552
9165
1822
9958
8526
6672
7401
3849
2754
9965
4774
9749
1995
9689
7864
1104
9381
8567
2226
9636
370
3735
8686
9140
6165
8043
4283
1586
2413
7100
1422
4756
5951
6684
8352
5634
7771
7055
3674
6580
6289
7273
8764
9111
8755
971
674
4707
8853
4285
4706
5895
8020
9926
7009
9214
2908
6593
7136
9097
7692
4677
7069
4486
5728
2793
3690
4925
6827
4156
8119
8946
8931
2316
7389
1663
1534
286
9997
3439
780
5466
8758
5245
4115
4736
9462
6798
2128
8516
2892
957
906
6187
3589
4971
1986
988
7490
269
3745
5193
3663
1940
2237
910
2427
1217
2608
7828
254
9496
1805
387
520
2513
4599
2161
4471
673
3640
5442
4175
9864
3503
7130
9780
8810
3198
3600
8635
2345
9904
3972
5892
2448
9654
5159
6292
8888
9373
2514
7559
6102
1392
9877
2042
9310
1470
269
4608
6711
2361
874
7850
5139
3971
2184
6948
9682
2262
3495
4243
2226
6252
122
9673
9896
3368
4488
4605
7059
4007
2813
2781
3591
8504
657
9724
4354
8233
5409
7533
2337
5301
8963
7862
5013
1482
8638
5164
7614
3684
838
2927
8739
4396
4594
1850
5349
936
9532
6066
168
7724
2072
9092
2812
1457
894
9215
5592
1078
4790
5829
8358
807
9589
5432
7568
3614
4674
6264
4931
7446
4781
8044
8991
6546
1325
7858
3751
3886
962
6819
8320
5013
5611
6205
8775
7083
7657
4163
4182
538
4832
2272
9312
7494
893
7671
5561
7721
1793
3309
9207
5106
9192
9123
3028
8160
4977
3986
3502
5538
5308
2291
9780
8179
5208
6847
2642
1394
3079
5961
4177
5993
3303
7650
9778
3780
8587
4587
1635
2200
9440
6540
3231
1380
1997
4828
3772
8142
37
8425
5085
9503
6775
7475
4917
6832
701
5528
9017
5326
4491
5097
3056
9306
2205
3474
514
5757
600
6590
2632
7223
7096
9961
3766
9866
1204
2831
4241
2357
4657
6216
5338
2430
6406
2813
7713
6408
5933
1740
3522
807
3547
6221
3269
7258
2134
9031
5919
415
2345
830
127
7464
1014
8722
7992
6355
993
4045
9636
7053
1743
5089
1504
743
9024
4399
897
9476
8765
571
5144
7526
4017
2090
8736
4112
773
5728
1469
5888
871
5843
1108
2870
6032
7600
3913
5330
1921
4583
3266
2413
6698
7023
1159
5918
7797
1232
1111
1042
4184
1244
9063
3862
8020
9429
1869
441
188
3448
492
7207
9521
3608
2605
1843
2810
8273
7910
2751
3490
4052
2178
742
9546
1079
6816
9921
7661
2396
1188
8051
7652
119
1041
683
5828
9550
6339
8464
991
544
4868
5374
8764
7362
7362
3543
3681
87
4809
5188
9353
2151
4444
8478
2122
5968
3089
3725
4359
491
3576
2542
4350
2481
6746
6191
3735
473
278
6129
5145
6555
6845
7575
9137
6054
4768
1796
6087
7874
2862
5485
3886
4216
2271
330
5839
9423
6123
5122
1358
9942
9375
1031
7524
9267
794
4870
7804
768
8777
4326
1189
2029
7335
194
3453
8625
4466
6141
3916
5092
9991
2717
6147
2822
6286
4881
4502
3200
9764
7006
3936
1517
5031
5982
7304
3557
7329
6655
2956
4364
6220
2366
7672
6089
7383
7072
4710
3696
9937
384
820
7685
9210
9954
3434
5682
5440
5277
1482
5878
2557
958
8437
9678
4866
7739
3976
3076
8425
3454
4334
3603
1415
32
3230
2738
2799
4288
9824
9630
9591
4904
6352
9438
8852
9251
6458
4718
8101
871
4888
9467
7314
188
4883
6928
2770
92
3153
3279
8120
4995
9751
795
9650
9456
4512
956
2510
7430
7961
815
544
135
7536
5551
7849
5097
7621
678
3064
5606
4960
9791
3569
207
4176
9151
2064
3070
9320
197
5814
891
1744
2236
3752
6780
8858
7695
2426
4596
8186
1161
3823
5660
9509
3812
6319
7479
9370
375
33
2249
4120
1021
139
9085
7761
8359
9302
3435
6745
1121
3319
1438
6210
4158
1098
1116
2524
8255
496
6866
7676
2381
8532
4570
70
9282
3474
8759
2696
2296
7701
1910
5012
8728
7978
7247
2117
948
2475
2888
8907
9398
8605
1167
776
5655
275
636
1435
5744
5766
4149
9430
5121
5534
3643
4542
5410
9558
3093
3305
8788
3125
646
8946
5605
3675
1323
8951
4862
6973
1096
8772
9508
1701
6390
2333
9285
4798
5301
20
8765
843
2838
9176
5364
5733
3682
6467
9277
5780
6585
4582
8529
288
8944
9811
1454
7959
3949
5748
3879
1568
8369
9487
5152
5032
4666
9308
9484
7158
806
1412
5492
3239
6554
5054
6912
8701
6291
3941
5926
6184
7236
4992
2831
9740
5647
8083
6070
7596
7961
2287
7210
9017
7056
6906
433
3593
882
32
56
6054
7574
2014
8471
6405
8078
353
9857
1738
4212
2674
4339
9666
4414
3917
7709
7504
6273
3707
8216
8114
6708
3611
2486
4727
4432
9936
1973
2004
8833
4287
8536
2336
4134
7265
8397
842
9565
7551
249
4341
8010
5790
4493
9196
8917
5361
4405
180
936
303
5766
8296
3201
3079
748
157
5289
8392
5233
7437
7883
9255
9422
8061
6962
8861
1043
4851
7392
7086
6551
6814
6093
2714
8985
7426
2221
2019
7538
8203
2518
522
4555
5088
2059
3647
2647
532
8498
9091
5230
2603
2501
3451
8227
627
8746
6827
9173
2042
1996
7745
9071
283
8836
4420
1401
3342
5888
1377
8571
575
7824
3782
9163
1901
2409
648
7341
1579
6402
151
793
6504
4023
7255
6455
6755
1518
6648
3666
135
8992
7436
446
1308
1521
297
7167
4954
4950
9220
9493
9982
5127
5636
432
2291
1537
7139
6144
5209
8243
3469
5857
9438
509
4410
900
4920
5860
9875
6726
2701
1491
2363
6342
6289
2393
329
3862
745
6247
4591
8844
172
3150
1241
4335
1919
7327
3198
8397
3462
4537
775
5168
6116
6978
6873
7962
4716
2332
26
9249
170
7890
3691
924
7466
710
91
1522
6409
6463
8152
8730
4666
1336
4836
2834
1833
4175
800
6377
167
32
8066
7740
3620
8619
2214
1779
2458
5526
2099
8473
5335
3430
9937
661
5720
1341
7192
8780
1369
9626
7066
4853
6950
3794
9660
5831
947
2863
6338
6247
1390
97
4150
829
8470
1243
6757
6469
1721
8122
7583
3521
1326
5330
884
3787
7038
7569
1976
530
6321
9780
8995
1425
209
9253
8636
449
1979
3658
1145
4965
3722
744
6261
7749
1129
4735
1863
6440
4634
8164
5738
5413
6945
1025
9355
9551
9564
2217
623
9671
6292
6030
8289
6115
6799
4924
1156
2257
2088
9995
4498
6494
472
2628
3872
3977
9489
2377
1281
4041
7737
1259
7297
3257
80
465
1835
6088
1335
7548
9977
6924
2886
2103
3581
398
1000
3445
4014
700
7087
6094
1375
7249
4093
5294
8590
6824
4942
9934
6730
5715
4022
6471
3519
5412
7513
9548
5109
5388
4314
2942
4154
6256
2507
7782
7006
4635
7536
2556
5451
513
1453
2052
5506
7160
4969
4285
6091
3924
8977
2416
9560
8844
6231
6535
3540
1671
9825
5310
220
8364
7877
9674
574
1154
2993
7215
5337
6830
2360
5469
3067
4824
7105
5954
5912
5002
2563
350
9124
4129
9686
7133
1276
6721
2372
8290
3361
1600
4787
3356
9173
8093
5487
6887
5041
1368
344
4343
4187
8414
1482
6665
3932
2217
1325
207
1449
5691
7680
4542
6088
5687
9459
1044
6381
4974
3320
4179
9691
3513
1688
6484
3099
623
7223
2730
4264
3975
2151
8299
4518
2065
9264
2677
1750
5346
9207
886
311
8930
3408
5552
8680
4360
7854
7857
1054
1247
5785
3303
6794
5296
7346
5835
7791
8053
3951
8675
8180
1949
1775
8935
823
3917
4494
2814
635
6651
3434
8920
3835
2771
1469
220
2301
1727
1231
1765
1040
878
2896
7210
1445
6113
3203
4751
4284
2
2990
4730
5985
2207
2888
1388
5842
7675
1091
8679
7054
2586
7342
9112
1687
4300
5884
5778
7571
6927
6718
2692
209
5092
4576
4576
4327
3309
6099
173
3757
3409
8703
180
8951
4897
6819
4098
1670
2931
6852
8934
8143
5177
4062
2497
408
7243
1247
276
4598
7369
1677
1270
3032
9419
6299
6709
6710
9435
8461
1392
5024
8298
8432
4198
4954
6906
1621
2680
4200
8362
2640
8764
7499
3326
3466
4466
292
7311
8818
2537
6642
1418
6242
2379
5719
3893
5918
416
1713
4107
2667
8764
7698
4239
2624
6223
6408
598
8339
4638
218
5393
7887
8233
5687
6784
5219
2316
5436
4025
5331
5371
9688
25
481
2221
221
2496
7853
8241
5849
4149
8621
1079
7425
476
4277
8066
1687
8251
3703
8919
2270
3630
5569
2403
6018
2615
2982
153
9377
9162
2051
5420
3508
7889
7727
3387
7609
2052
7714
62
3756
8827
4097
8064
8686
42
3255
8766
7536
948
8574
2267
8762
4956
5099
3772
8272
5809
2728
7190
8704
1953
2096
6071
3125
3159
444
5290
6747
8132
3183
1299
5863
7321
1117
9546
3967
4771
4371
8545
4240
3313
4070
9089
1777
1567
304
7431
572
8046
3490
1870
7713
3826
8231
9087
995
1929
6452
6892
2450
2090
8008
9157
9378
4940
2495
9968
1262
498
996
1942
9114
8658
8873
4150
5683
9910
6389
1365
5618
9886
2982
2078
489
886
6259
9999
6088
9722
5352
4640
6985
4127
2813
9096
3239
3067
589
8899
3412
6324
8702
9319
1400
7598
3517
3702
1090
2746
6496
79
6073
8814
8654
8503
1290
830
8407
8217
8475
1836
7272
3592
1829
5377
1485
535
8742
3374
1462
4816
49
26
8858
9982
9818
7314
3647
9396
660
2649
5185
7326
7999
7080
9413
3409
9842
1145
7835
8761
1754
2390
9156
8893
1677
2869
4478
3387
6432
9198
9240
1043
8480
5218
6301
8123
1386
7724
5539
3404
7503
3666
252
4763
1527
8770
5151
4067
849
9514
5084
8335
359
9613
9646
692
4295
3226
9118
2499
5075
5745
590
8147
2104
2677
3344
3100
5821
5804
7184
4383
5736
9075
8292
2414
6147
7933
450
3600
84
1074
8715
490
3283
122
4419
3313
4959
8047
1437
7878
6040
9750
7973
9887
4220
49
1723
1969
7738
4598
5136
5273
8887
5858
5072
8475
9190
6509
3829
5020
1529
5555
3254
5077
5934
8752
276
1744
768
9768
3007
2083
2528
6742
8902
8565
5082
1909
5004
3150
5040
4174
1672
9182
198
2126
5378
6481
4571
7461
6642
6301
7472
7436
4103
2286
6113
7875
1953
7388
526
9973
8771
3931
2751
3336
7371
3492
6365
8323
3488
1143
2960
4884
7637
601
9249
2984
7871
8355
6338
6562
9522
2891
3428
5976
6993
3943
5392
506
2171
9565
7
3700
1106
5507
8268
8154
3208
6069
3164
297
5180
3339
7219
484
1081
2393
8697
8802
1560
7586
2253
8758
5112
882
7976
9605
1029
7920
2243
33
3876
550
6824
1389
2338
2175
6634
5502
6975
5260
6121
2733
1958
9108
9858
5054
1254
400
8521
4449
3634
6016
4427
4443
8399
7035
234
5174
6317
2354
4856
1525
7513
1802
8826
9236
5232
9440
8459
3001
4988
7442
2082
1148
5801
3840
4247
4942
776
7728
9578
1899
3569
7989
6206
5147
4344
6614
8154
7858
8431
4666
2169
2231
948
9102
9770
5891
3269
9811
9234
2339
8150
6870
7281
7773
1397
9660
4898
5505
1717
1491
3896
6500
853
9821
2824
3312
9671
4321
4441
4284
4870
2700
4205
7327
7019
9335
6907
6924
1412
78
7083
9822
9085
1773
705
3695
7273
2353
3184
4287
9901
6472
743
2657
3303
5214
8141
1904
7846
9616
5196
6073
6221
34
5646
4094
8593
8980
7754
9961
3840
2522
5422
2376
9021
9280
8415
4180
5550
7273
4458
8547
2174
3866
96
5753
3922
1903
4308
4970
9270
8151
1514
7114
8356
6606
4200
521
6678
1428
7393
9296
660
4186
2179
1916
1985
2932
8994
6628
9666
9445
6925
2968
9193
1448
1480
3644
7733
2058
8230
8197
5116
9778
6398
2006
5032
4161
9399
1303
3650
8524
1390
2052
4842
6021
5241
1164
4496
9076
8470
716
9050
1508
6202
4296
2127
1434
7375
821
5261
4798
9984
4171
3791
8341
8179
8943
8872
9704
3817
5338
6112
7193
1789
9381
6444
6157
5437
441
3901
9094
1917
3885
2066
6296
5215
3382
9269
3841
9381
63
8411
5696
6006
3558
3817
1432
2305
7643
5640
4403
1005
4161
8677
3325
6471
204
1614
8068
8431
9665
2538
4365
9941
6921
3114
467
8631
7188
8504
9992
5259
7542
6595
3691
8638
795
7307
5762
7091
7509
3579
1317
1453
8591
1234
6869
3217
1449
334
7346
5907
2146
9691
1675
7584
9827
4107
5077
2536
8671
7362
8413
4742
4141
6949
2074
3219
3437
9595
1974
718
8025
6489
8255
8267
1135
2596
6979
7284
3447
58
5101
1110
5883
1943
167
7078
8786
9085
5813
9234
5223
9174
7108
6463
3884
1052
2099
3494
4197
1988
21
7088
1659
6057
6692
6112
4860
2965
8981
9916
362
6800
6962
4774
7205
6618
5627
4402
5519
7811
4626
3728
3082
3213
744
9030
5179
2776
248
3874
7449
6462
704
4018
3108
4753
7859
4545
9592
8712
5413
884
8257
438
6173
2117
2360
5608
2896
1772
1149
1771
1432
3069
9011
3357
3483
8735
2126
8775
3761
5533
808
3559
1906
1543
557
2380
8093
4912
5383
5852
6212
6897
2236
622
6662
2914
46
5708
1744
2686
6721
6144
129
3386
375
6675
720
1899
8980
4533
2138
1287
4832
1609
2116
1726
86
6424
6650
1207
5649
6566
7494
8688
6513
6256
1926
1963
7036
6864
3614
946
4806
4522
1584
8879
9301
3966
5456
2530
8863
7290
1943
6887
7678
654
509
6927
2856
2194
5844
5120
8787
163
9547
7062
117
862
9309
1224
3293
3922
3815
3976
8660
3351
5547
3211
16
6567
5297
6098
8515
3867
1402
7137
9891
6274
5643
9791
5335
3010
1706
7431
6084
6497
2798
1857
1395
4061
1679
653
6894
7326
3805
568
2756
5459
9460
6742
3508
4680
3146
3931
9991
931
4904
5884
2869
8048
7790
2324
6924
6969
9403
9379
2193
1923
931
9543
7387
9888
7476
2083
7751
6757
7219
9974
2889
5502
6481
7432
5739
5823
5934
3625
8476
7689
6802
2441
3282
2498
4288
4013
4203
3412
5208
9787
5355
5905
3609
8591
9856
7071
7106
8525
2533
4439
8296
2242
8621
9950
3139
7437
731
7989
1303
3644
2420
9036
3138
2940
5347
9140
4458
8575
4914
1007
3931
9685
6633
4336
1755
5946
4090
2343
917
254
5653
3971
5395
7339
6449
8055
7883
1490
7574
3635
8820
2596
4929
3571
6612
9704
2065
8683
4000
4501
9774
6386
1383
4544
5094
5560
5034
2681
4676
3083
1832
9338
4865
835
9006
7053
8186
6308
2058
4844
