65 83 41 
4159 
2966
9281
9305
6990
4951
122
5447
1157
8234
9833
2192
5568
1448
6839
2072
9162
1125
3625
396
7429
7317
4896
5256
8956
6986
6306
9683
4369
4906
6361
7939
9931
4213
1977
6797
6326
1900
5235
713
6605
6337
4083
4815
5629
3670
7115
5334
120
5681
7257
2685
7015
923
1917
9141
3174
1598
8904
2960
3408
8924
9246
5420
8378
6423
1675
916
6669
5109
3745
8251
5735
6328
9505
9133
6014
4096
445
6451
689
5962
5595
6829
8785
9839
3770
1185
1610
2415
9109
3116
4870
8866
630
8079
6217
2706
8372
4767
7433
9326
1513
4897
6283
696
5203
3553
6612
7241
5441
5727
1792
8016
3977
1027
7352
9600
8667
6601
4230
5471
3078
459
9
32
9900
1370
6129
1098
788
6149
5715
3916
8593
4549
8968
6136
1318
1089
6439
9466
559
7485
6557
8850
5735
8582
310
916
1650
1275
2865
7075
7452
6274
7473
7967
6049
1954
4044
2126
7700
1960
9036
5866
3276
2937
5235
862
8186
2807
3844
6264
524
707
1095
9107
6884
2565
2514
3676
3675
4775
7828
842
3364
1950
515
9291
7294
79
6757
5347
5820
5061
8487
4785
425
428
9952
3180
2034
2685
3157
9670
1834
3782
5771
6125
4171
1460
320
8591
132
3736
7593
3188
1146
3711
2544
2046
4557
3897
461
7362
7246
7306
5042
6315
1353
475
9611
4626
4749
641
4547
480
7464
3780
7546
9547
867
7778
3527
2824
7190
5583
4325
7463
4626
262
1101
341
6537
8660
8361
2720
5427
5648
7927
1401
4586
8812
9330
7485
7147
670
1474
8711
5575
6178
3350
9730
3552
8644
3977
5055
4808
2090
1339
6994
7886
8381
9041
6482
1532
6615
7141
3537
3227
359
890
5666
7023
1131
395
7971
7272
9622
4955
6484
8225
2605
1239
9979
2831
9424
3731
7465
7478
3312
1703
2472
171
4925
5069
3082
7253
5511
8143
5256
1765
6558
7016
7450
8661
4023
3535
4517
1390
1139
2259
7024
772
6401
7175
7951
4451
3267
1573
9530
7523
7340
4661
2135
6874
6616
4586
6023
793
6776
1423
6017
7236
1786
2891
7600
4585
3681
5591
2243
5423
8974
4514
3124
1236
6012
1580
5029
1733
7405
1471
5334
5573
5198
9461
8887
9578
4534
8649
2181
3345
671
1658
7868
9757
7858
6854
9487
4510
7292
3301
3681
5428
7684
8755
8054
9505
3383
8212
1173
7110
4609
3851
7394
4575
1254
3446
9424
4317
2803
447
4211
4228
8062
6315
7817
7887
3846
8629
436
609
8140
6622
5935
9347
2973
5838
1205
1027
6591
3567
1769
5841
2896
2244
5372
6141
4776
3694
3447
1489
5476
9782
1939
1471
4154
8477
7803
9817
4908
4844
9757
6914
1563
2751
6976
4358
2809
3021
4212
6517
1106
7889
1275
4540
1465
5409
9906
5497
5346
4269
1605
3009
6834
6609
5918
534
261
7656
2797
3143
1453
1671
3619
5279
7617
6500
7136
5734
9431
6398
6952
2976
9107
124
3054
3562
8187
3801
3291
3685
7145
9298
2370
6169
6481
999
5295
3265
6420
7587
6528
5931
2131
5195
3173
9840
6317
3519
6164
3465
2137
238
4875
6909
2918
2925
4519
5998
4246
1960
524
3335
2848
9335
5985
928
3249
3562
708
8136
576
5203
103
1133
1870
6811
4402
2274
9670
9682
8898
4319
172
6681
6673
3054
3503
1389
4021
665
4208
7255
1467
2018
9552
7338
2287
7723
2711
6349
354
8132
245
6837
6014
8619
6409
5361
336
9876
8073
9820
318
1357
9326
2524
1882
3847
3296
5543
6303
3105
6104
5707
1252
5961
1526
3499
8057
681
2420
8626
2657
7461
195
3153
3604
8173
9762
2900
44
2982
7495
6375
5630
9075
8472
6250
3753
730
4578
9474
4644
8472
2514
5176
6228
5064
5453
6229
1182
4888
6854
6818
8788
1571
5681
4992
3112
7385
4540
1826
1038
7054
1209
2396
6632
4018
4726
2281
5419
712
313
2526
2988
9958
1833
3160
3383
7672
4526
6614
2649
606
8986
1954
9440
3769
5029
4063
6145
352
4788
334
3200
6346
9538
3901
3761
9108
8447
6312
6889
7838
6416
9808
1496
3594
4567
5123
7887
6621
5917
1661
5273
5890
5566
6560
6574
1197
5167
873
406
9542
4839
1370
7272
2462
3131
5552
3733
12
7431
5179
2859
3471
6444
3645
8493
2191
2171
2449
9535
9513
3188
1346
9018
1189
1889
9345
9211
1616
8880
7706
973
6925
6622
2777
8702
9740
899
2495
8707
758
3716
7472
99
4726
7327
3113
3900
9060
4415
7073
4914
9046
8663
6604
8293
1995
3065
9524
3953
8724
5838
1979
2508
5351
5973
7401
9574
9235
1236
6056
1539
8022
5331
3777
9218
2817
6679
2750
5756
8235
4041
7915
5393
2095
2904
9983
8294
9834
2555
8961
5710
1058
2099
4094
7752
8973
1535
3737
8134
4004
6795
3972
9789
5690
5525
8596
5958
3353
2707
5221
8357
1830
7943
168
4565
9543
9510
7776
9498
3735
248
2129
8258
3843
1562
7333
3404
6961
5606
7108
9885
2749
1381
7296
5699
5523
5459
7288
7193
2674
5729
3439
569
3973
3875
1001
2281
3435
3894
2306
4241
2191
3019
8806
9593
9572
4861
764
7039
8701
6126
992
5494
7208
4953
3442
535
2634
1596
6662
1529
6686
1568
6495
4202
4678
4328
1820
9878
7223
59
3291
2334
1522
8403
9857
3487
9630
1476
4748
9164
6875
6592
1493
4611
8197
2509
8483
4226
9243
2740
4591
8928
4509
8903
4334
811
8115
3496
6613
1441
8823
1861
6084
9281
2326
8937
2677
8096
2688
6884
9907
8353
3031
2579
6538
8794
5098
185
9342
6746
6451
1956
1123
2020
7492
1927
9461
1388
1512
4151
1343
1745
891
2461
8449
6764
1190
2642
4959
5140
330
9201
4855
593
9319
6439
1306
399
7579
1792
4948
5779
1659
3829
1365
731
3644
8281
4448
9
3295
8103
1201
8961
8426
7453
3846
2161
1097
2688
3643
9296
3731
2921
8381
432
7236
6175
86
5777
2280
6390
5598
2756
719
5612
3900
1176
8473
3542
3652
3278
1752
8259
1967
7162
5062
2955
1186
1056
1022
7596
4619
6741
8181
8847
2437
9921
4808
2160
6018
3955
9306
7828
2542
6108
393
2183
832
6687
9406
5520
3834
9298
7107
6367
5048
8578
8945
2300
1295
3408
9837
3484
9739
7597
7400
8083
4060
569
2500
5675
8173
8168
8000
704
600
7226
6375
1723
2699
9327
6602
9390
9664
93
3185
2019
7755
2351
1424
2952
8157
2095
8921
7372
7753
9058
5768
5670
6271
2309
9245
5126
8212
72
9783
8540
9037
8567
493
9660
7947
6072
5700
5774
6962
5348
258
9768
4719
6799
3526
5055
1763
1805
8914
8998
2474
5371
9543
6425
5223
3590
6516
9719
5003
8674
6437
4311
2188
5994
6609
8481
992
8322
2517
7048
8739
8818
5400
3375
2159
4403
5848
1646
5688
7749
3614
3944
3021
4531
4697
9027
6496
890
5246
5613
5028
2712
5213
1210
4277
2352
8386
9282
4223
2479
5647
8768
4938
200
8774
6717
5969
8348
625
4018
1957
1307
9402
5511
5795
4092
5027
9569
6897
5010
153
6535
3712
879
2280
8598
8441
3993
3618
4966
890
3785
4864
2555
6649
6438
1514
2710
9768
7182
3949
1866
8693
9447
339
6934
4775
152
3080
9153
4320
6431
9714
1126
3400
8239
4539
8397
4849
1110
2155
1960
7374
6710
8102
1436
9453
8360
2365
5032
2323
3695
1864
9210
6287
5781
3716
6321
739
7448
4226
9146
5500
1592
9362
8829
3353
8172
2410
3728
2868
7143
9347
6449
1298
2284
7283
4300
5992
2522
6135
1861
6200
9217
3017
9037
3682
8716
2029
4053
2130
8778
4457
2371
4509
7728
2130
8071
2905
4405
4209
2985
696
7225
4012
8307
4491
5732
2580
8477
1014
9331
8977
4367
2868
4200
9726
1463
6504
5186
6357
7861
140
4090
911
6079
8258
8227
5873
2709
5935
5638
3597
3698
8938
6212
1336
5284
7274
8363
172
7758
2355
8799
2526
4345
6933
8718
3116
8378
4702
8354
1888
1502
352
8446
8112
9917
9447
4217
2440
1839
9447
1142
4604
2915
2268
7742
1937
8949
8034
4059
6273
6446
7715
3298
9763
4626
1260
4869
8846
62
6707
676
1652
7578
8645
4454
2521
1763
1038
1966
6144
4667
973
5754
244
9685
6818
4424
7817
9437
8433
4611
7596
5776
1914
1544
3514
369
1536
9843
3524
5964
322
5500
7740
4972
1074
9807
6291
3562
1514
1683
32
9613
6898
9047
3972
8496
2719
8639
8940
3514
5554
1877
4455
1825
1360
7220
5053
3775
9625
1537
9017
3118
6876
5190
5601
652
1739
7533
6858
1187
4743
9787
9173
9463
6828
713
901
446
4841
5009
1834
4377
8176
9859
4245
1307
4241
5963
9632
4667
9743
6769
700
2542
4224
5500
5472
9173
8728
2778
2002
9090
9089
4329
1726
7687
4497
7846
7988
3315
2169
1622
6828
676
5438
5527
6514
840
3426
6309
2141
6928
8864
677
1311
372
8187
9428
6577
6522
7593
8710
2187
2046
2222
5615
7690
4494
8548
1745
5364
6724
1363
951
6902
57
7344
5898
9617
1911
150
5481
2802
2579
8195
3849
2116
812
9785
9731
9175
707
8285
2805
445
4637
9735
6287
8008
422
1344
6736
6502
8055
2953
5934
9889
538
4183
5365
8143
3638
1301
1618
8591
4432
5867
1777
3304
2873
3719
8528
6788
5881
3101
2220
6159
4153
8225
6017
3928
8730
1910
3348
6995
2740
8608
6121
7020
238
6886
5305
6394
4031
9686
3340
1524
7385
7780
2464
2218
3778
2122
1802
18
2297
9096
2095
9280
3616
5519
6319
9541
3592
8113
4633
8140
4030
9657
6839
532
3091
1586
6062
6182
5627
150
4946
3481
4988
8451
2450
399
8772
5904
1326
6162
6680
6607
7299
3386
4344
8460
2375
8485
5655
6404
3391
6060
4565
5279
228
5161
1031
6309
3397
6789
4217
910
8509
4006
8808
8221
473
2667
239
7183
1169
8010
6328
4279
7332
5465
1935
2162
8334
8809
5272
5097
2562
2934
655
2920
4294
4287
7442
4851
1554
1503
4814
5872
7951
5251
4966
1993
229
1812
1997
6242
1820
9761
2062
5279
9848
5577
6057
8885
2671
5097
9051
4729
5824
5441
8474
9504
8376
9105
2224
4682
3335
7234
105
8855
8925
129
888
1748
7476
9741
9794
7394
2685
2224
9788
7484
1711
2338
7863
2172
2656
5313
9470
7836
2421
9313
9633
2348
2624
727
2747
3257
4775
3392
6466
5750
7044
7699
2806
3344
9607
2652
5000
5222
1340
1680
9249
3121
6453
1653
3815
4891
1100
8147
1605
7638
1190
8996
7501
47
2465
2472
5935
849
8080
9774
7487
9323
897
74
1094
3365
7297
102
3252
7133
3279
1165
2129
9864
4796
4502
1115
3218
250
1763
6690
5452
7855
3664
7619
7866
2310
6930
111
611
1510
3000
2414
3077
4484
2198
3028
449
6320
9825
9556
6968
6016
7686
8500
4520
1699
1092
2478
6048
5076
704
5182
6741
1479
7148
7215
5816
8995
9269
3765
7915
9742
758
8131
7186
9023
5316
4056
5132
1561
587
5029
3180
8897
5856
2359
1420
5570
8905
4681
8550
8542
47
4349
6409
9679
3130
6450
2081
6531
1326
5100
7188
9636
5604
480
230
4341
8071
6320
6733
861
7898
1086
5519
2338
1304
5555
7585
8623
2322
6293
9985
6809
8297
6438
5693
7507
2421
3416
5936
6810
3771
3985
2277
2644
1257
4947
7843
4640
5456
3221
1608
4927
8918
8096
3195
8777
1289
5791
8445
6283
4930
1308
7075
6882
5817
1270
3424
7874
6675
4967
6657
924
3008
5658
2405
7029
3412
7164
2393
8557
2105
3210
8849
367
6382
7527
9096
2172
7315
4914
8058
3804
9130
6095
5225
2097
9550
3753
2415
835
2800
5671
9050
199
6774
8780
8060
1094
7767
2530
2444
1211
4326
106
7005
1946
1417
3717
1669
8573
2905
7452
8403
7132
1640
5655
2363
8292
7814
3782
7922
863
3864
6174
1964
8603
6729
8470
3451
7872
3528
6868
51
5703
4242
4144
2456
6210
80
529
74
8698
5333
3934
8961
8886
6268
4277
4816
1978
1100
7865
6356
8784
5946
2709
7289
2541
7973
9083
5310
1066
9881
2988
5239
3706
3612
7064
4592
2577
387
4546
5213
6116
1727
7200
1060
8247
7733
6894
2108
8121
3236
3665
6945
1609
5290
9538
9469
1792
1905
9720
4608
6244
6420
9241
864
8757
337
1168
4746
7799
4182
7393
3661
4054
2921
8574
7512
3982
70
2363
4894
828
2862
4194
8636
7760
3393
602
6532
8447
8170
8269
4694
9701
1652
6820
6995
3491
1327
5611
5085
4838
2943
8166
2536
6893
4064
5631
6117
7815
4116
6134
7186
5024
4801
3217
4342
1765
7143
1658
2211
6471
8977
6942
7850
1425
2327
2520
9159
1842
6766
2150
9543
13
3754
3370
7788
8353
3365
7953
8851
9205
710
2167
3737
6779
715
7055
6443
4428
3824
603
7831
1941
1031
6319
8411
6676
8606
351
3844
7573
4849
8862
5163
5273
1202
4547
2941
4875
537
8112
5581
2652
3426
4408
9646
1386
8422
6550
6637
2681
7830
4697
4975
4728
7844
2901
7411
6950
2797
6952
2792
3397
9625
8927
2577
5868
7191
4521
4737
254
8805
405
422
2049
8351
3301
4017
4171
1315
1211
6381
2231
6400
7162
2601
6800
2250
1729
2268
2305
5356
1254
3937
7954
4794
7758
1210
8041
3417
8522
2468
6562
4377
2716
9288
5115
2195
7748
5116
5900
115
7504
5230
820
2298
8766
407
1503
5159
1416
2024
836
3201
8630
966
5054
7348
5293
7899
2935
7565
3887
8005
1120
927
3529
9821
7391
7115
7697
1656
960
4814
6482
9063
6260
6373
4911
8963
5416
7606
8500
7207
153
1233
3215
1552
4279
5050
6329
2866
3164
4151
897
3236
3844
2800
4442
2255
9154
4968
7729
157
1949
3896
5957
6180
2569
3038
8254
4736
6680
6226
6762
5956
124
7731
9092
7613
9958
787
5582
5340
217
598
5201
6044
4664
2808
1862
3745
6480
5344
4993
7291
8582
5298
1188
9844
1361
4574
5162
6781
2901
5558
9530
7524
223
2199
4005
4166
8907
8590
2561
3653
1400
3696
1340
603
5411
2727
7539
196
6938
6609
3667
2194
3269
4774
9698
4268
987
6032
3723
7908
2616
4925
6413
2054
6827
4498
7432
5271
13
841
6062
671
6658
8549
1375
2923
8598
2964
4020
8781
7159
2687
7159
6896
3572
2566
775
9387
5506
7850
3467
1413
9997
6084
1793
6729
8725
8563
7302
1585
3066
3036
5374
9205
9648
1625
4939
1495
3201
8613
2215
7679
8583
2833
5705
5682
7371
4123
956
5131
3236
6332
262
8918
4154
758
4646
1100
9793
459
6331
3880
2012
1003
3942
5749
8147
3906
3198
8475
8030
2502
1477
8023
4646
3838
347
9117
6774
4262
1178
2063
2207
2854
9954
912
1509
6759
8870
5646
1844
720
5418
3354
2003
1083
5532
672
3260
7950
2505
9965
5146
9582
2434
440
3994
8333
5163
638
7755
5677
9172
5135
851
3188
8639
9664
4877
2676
1045
1202
1120
2812
2646
3964
2774
4250
1672
1860
8599
2623
2886
7489
6844
7106
6894
1672
4468
9055
3433
8207
3116
2079
279
7661
8659
9346
2916
4132
8650
2009
3684
9928
6760
76
4380
621
4646
1334
2368
6417
58
167
8396
9454
975
4123
3001
3697
3819
4458
5489
6175
715
3983
1654
7282
3235
6959
5892
2184
6598
1351
8453
2998
348
2207
6325
7814
7535
9690
4698
3563
5684
9171
3284
8381
3945
6857
2142
6641
8648
8596
2814
5461
4003
6946
2547
962
8723
9226
2383
4258
4831
8942
4536
5634
9654
2944
8745
9557
4768
3114
8397
195
7058
3880
5354
1292
3640
3686
3447
6991
8154
6268
2696
4556
1223
1595
1131
5007
8436
9068
3022
751
495
6627
1661
5684
5667
9258
707
7264
9768
5374
284
6694
5589
7098
8473
2167
1519
398
9225
5165
1851
7368
3756
5828
9671
8643
9979
5331
1872
9193
8374
6510
8378
949
4952
2013
3368
4335
7155
7719
4806
7507
9145
5018
4164
1088
967
7241
9535
7052
3266
1889
7692
3106
707
5684
5289
9883
1404
8339
681
9351
434
5348
9679
3205
7601
6843
3468
3038
6758
118
3671
516
9145
3008
2645
9153
4737
1302
5950
8883
3790
9694
3717
8954
9965
663
6164
1290
458
7582
1047
2105
7113
1000
2925
2312
9569
2938
9520
6596
2145
7962
4459
9512
4382
8440
9661
4945
2677
2797
9119
9326
7812
2891
4022
7006
310
1273
8689
9200
3807
9953
2861
3068
2206
9073
6778
4217
3543
8539
9103
9085
1177
4807
1302
2174
347
5696
9657
1476
9882
9364
8530
8288
6488
4379
3162
8556
2040
2037
3150
4727
8056
3265
7772
1431
8999
5362
6469
4375
8195
2520
4962
7419
6484
492
4472
2364
2564
6753
3959
8188
6441
2092
9899
5475
8364
2917
3982
5414
7316
9690
1218
8136
6076
7719
5712
6274
1328
8833
7065
7667
2912
8175
4554
6008
3899
1387
1036
8136
7484
2381
9639
4505
7922
2630
6627
2087
157
5293
6701
6264
3031
9627
9138
2882
5730
3471
8059
3876
5656
5491
381
2338
6649
4805
5995
8229
3521
1057
6941
8114
8889
1852
717
9254
2974
5193
8628
3959
8291
4456
9178
7988
1401
3856
4321
6442
8868
3766
3514
6806
2884
6966
4732
6716
154
8448
446
2981
8960
2022
4798
2095
8674
4016
7697
7615
4951
5629
9460
4560
8954
1528
7725
4890
8736
4983
2575
2811
5537
9612
5564
9098
2710
1154
6681
1368
3335
5091
1170
8503
6680
2300
9362
506
57
6545
2109
9635
9596
465
1658
9750
3607
4642
1685
6207
481
3273
1126
2438
2841
6503
9046
7140
2693
5610
6769
3759
9119
3172
4530
7355
3243
1569
6932
9624
5628
2523
913
679
3749
1814
8832
6011
5384
7247
3678
8849
3172
5468
3297
5393
3679
1398
1725
5018
450
8933
4461
8915
9952
6622
5528
4371
2924
6104
8015
7074
7842
3842
5951
8658
3246
5650
1163
9504
9247
4310
3180
432
9451
5031
9120
722
2058
2265
4702
6280
9762
8220
1405
2264
1010
4283
1881
6961
3308
5205
933
5723
3730
3617
7245
5441
9906
289
1240
9047
2477
2209
5075
6228
6550
7828
2486
5921
2200
954
2252
644
2265
7248
4122
3269
7192
3045
7134
5273
5676
5559
447
4771
8722
2509
1515
7828
4811
5893
3629
2314
8848
2919
1467
7714
1290
1524
7570
2808
6397
7466
3417
1092
3935
9535
9609
8509
8865
1547
9491
1606
5892
8295
2230
3050
7075
3005
6738
5130
4595
5175
1365
8722
1777
7509
454
3501
8468
8751
9941
3272
8677
9113
1035
1884
1201
8648
5939
2005
8396
7640
2998
2876
3405
8755
9830
9370
523
1541
1782
9828
2459
3216
7701
2350
1594
5859
8079
6620
715
9179
1918
1208
4895
6837
5788
877
1053
9743
7268
8073
1889
1417
8113
3380
8311
1970
4286
2023
689
4841
3292
6131
817
3658
3587
5200
2691
3796
8553
8796
6840
290
5106
7904
807
1091
8982
8733
6823
1565
4128
9146
8602
7587
5152
2270
2696
8774
7382
8057
227
218
6864
7556
1676
6891
8732
167
6752
7591
3734
6728
4122
284
2172
308
5988
74
997
1769
41
841
4985
7799
1491
750
8425
1456
6048
4396
6763
8633
7110
9134
2187
3101
9964
4235
5824
748
8628
7210
3533
4962
9664
5435
758
9267
6353
9877
1435
4443
4242
8917
8197
6730
1354
1046
5532
9020
8572
1835
784
5463
5237
4355
9389
420
6268
7116
1190
6557
1001
5817
6451
892
2830
1051
3446
5724
9925
8557
2439
8445
2159
5054
3906
3094
3688
792
5762
2786
6852
7374
7466
9241
1293
4096
1690
1165
2006
5714
3289
3159
8831
8420
7299
9628
3492
941
8726
4366
1405
9699
519
9948
5287
2500
6450
8907
5944
6570
4543
6223
2543
8353
3691
5236
324
5517
5893
3194
2629
3533
4025
8272
6585
1084
7787
2521
5157
6083
7633
439
6093
7245
2033
7119
5210
4688
9931
7870
7608
3790
443
122
8827
3390
2576
1409
7751
5733
5317
1681
3502
9134
8786
2160
6
3546
708
2027
999
2429
3186
8910
8912
5413
1438
9005
4060
8623
3632
3991
728
6281
4600
7958
2830
3387
6309
7324
4489
8806
6141
3329
9225
1683
2519
5627
490
4933
7203
9565
3480
8781
1214
2002
186
8078
9694
125
7112
5773
3836
3777
5553
5558
7245
1627
3497
5208
9742
5147
7093
9169
4351
8663
98
3118
2859
7303
9837
7726
1545
3791
4502
8522
3886
5762
5762
87
1336
6448
6046
3859
1283
5401
6598
4649
4773
2379
1626
267
1478
9324
7815
6589
4578
8917
1913
1092
6725
5750
7721
685
2271
6370
3409
2086
5960
2612
306
5861
6148
6921
3371
154
698
7470
3768
1862
5721
4001
3922
6158
1709
1139
3189
7419
8155
1432
4846
6459
3244
437
5225
413
9397
822
4733
6187
7658
1595
3746
8686
2361
7685
8280
9767
3042
911
9295
2733
5949
8118
1755
1609
3745
8392
6132
6815
5683
2915
6098
8765
2113
4826
3480
1028
5814
9227
939
7888
9799
3933
6864
5045
9110
626
4737
9009
4863
117
4734
9157
9875
534
2959
6121
2894
294
4208
9474
1759
8405
6006
9179
679
9566
2242
5024
7554
8236
3078
9935
196
2420
5277
3940
2905
7306
5626
5594
2880
2448
5138
1118
4687
5645
1902
2960
1352
1467
8206
7198
2182
6499
9543
4054
9028
4823
749
207
6706
9016
9678
901
2944
8119
7074
7544
2099
9812
5711
5306
1537
8385
777
6968
3532
1424
4111
390
3725
4339
4035
1269
9435
3676
887
9254
8711
3056
4099
751
4445
581
8615
5796
1792
6419
6210
150
8462
5812
3208
9338
1517
2548
6100
9101
6744
7299
8807
7590
4355
3376
9873
6771
4713
3263
2759
8135
3282
4027
8970
1694
317
5915
1537
3330
1220
567
9126
6750
8122
7433
3989
8739
1504
8531
3251
2109
5977
1138
9212
4374
6078
4297
8997
8225
9848
7948
6282
7982
5422
5744
4933
7911
3402
7084
9075
5345
2720
208
5511
7252
6177
6058
5415
1888
899
4367
6276
3047
2518
6589
9149
6458
4440
6949
8008
2358
4720
7243
7391
3029
3136
8346
9037
9443
7280
9192
279
35
5056
6042
8740
2382
7963
4070
6149
4016
613
5814
5491
9180
2874
6706
6885
5402
5267
9496
3923
5464
3194
5370
1357
6367
7035
8987
3209
9635
7092
9468
4827
5135
9209
1983
5466
4946
8012
3837
5265
3633
2220
7148
9259
1710
4607
2247
9862
3019
9191
7790
7694
5427
1121
7266
3746
1765
3180
9679
9489
6090
1445
6360
8773
3032
6996
4385
4476
6602
7998
8887
8944
3623
3987
5740
7389
3155
9840
9446
726
1547
8529
5086
669
580
887
1443
73
53
7336
1361
3836
4864
3839
4667
2010
3351
3893
9203
783
5676
4263
6574
9290
3210
9982
4217
4124
5942
208
4162
6488
285
1587
297
1370
1971
169
4178
5936
4324
6064
7858
4996
8016
7883
3170
2548
6277
2868
9619
1663
553
3939
6920
5701
6824
6215
3806
8409
6859
3578
2228
5055
7973
4791
5188
7359
1883
9156
7860
4931
2894
564
386
1989
2152
2468
2537
7678
4678
8504
6740
2445
4645
5909
9679
2768
6131
950
5827
7138
7518
7141
9359
3500
9770
7750
943
7245
3806
4479
386
1167
2997
7132
7338
5101
818
8069
2060
3959
1517
1269
6441
9666
3548
6536
6946
3904
1175
9153
8221
8518
582
2181
9022
8625
7640
9941
8386
2977
3409
3911
2779
8188
537
4904
171
4933
6557
6904
3063
6652
5681
3256
8127
7471
3259
8454
31
3769
3533
5171
2309
2952
3465
1637
875
4226
595
970
4224
8805
127
8139
7117
5668
8584
305
1059
1926
859
5295
7770
1758
7574
1124
7558
8602
6537
5492
8241
1705
5697
8012
1266
90
2629
9131
5859
7925
2283
314
8590
3314
3018
5550
2480
7647
672
4283
6627
4872
2586
6420
7046
6490
5865
9920
9644
1755
5003
8591
6111
2573
1061
2274
2920
5783
7338
4166
6553
4991
354
1035
5997
6617
2198
4021
6756
788
1379
970
7587
7034
2088
3479
9785
4832
7771
3546
9874
5852
3100
4922
4561
8636
2077
6133
9434
5717
9632
1928
9712
6714
4203
1043
414
898
1016
748
6828
3097
4377
5722
2304
9124
4490
3770
6061
9693
2734
7774
7517
4329
2207
1043
32
5853
5668
3675
1320
9001
9978
6704
7088
5702
9564
2135
6416
8441
6560
7684
7546
5547
2770
1552
9965
2101
9752
5271
4479
4254
4941
9187
3029
1474
7548
5162
402
1317
800
2346
5625
9494
860
5127
6093
8130
1616
4225
7901
9031
6792
9610
7207
1671
370
5257
1959
2205
7074
9117
285
9694
8738
9898
8366
442
7927
3766
1903
1905
9756
9673
1367
9641
899
1747
6968
6224
5239
6512
5174
3356
6409
6198
9942
6194
9516
1262
9174
4550
1338
5970
3589
5216
