76 6 34 
2842 
6962
1838
7890
9041
7203
7064
6335
8704
511
7910
7074
4252
7848
8618
899
704
6797
3275
9813
994
8794
2967
8603
9902
5253
3362
6869
1779
5597
5764
4341
935
4050
6526
1774
392
9876
241
1818
6700
7213
6700
453
2819
5119
6167
1666
3104
6283
3369
7478
7118
6970
5599
8985
4491
2102
389
5845
4128
4554
770
1285
1808
265
1779
8951
2752
7883
377
2544
1051
8384
7394
9859
1165
4469
9992
2599
1885
4906
8068
1451
4582
1538
1070
9980
2371
3887
9074
7892
3552
7644
7617
3280
4368
7787
6266
3535
1637
4300
3950
6567
9844
1290
9771
5195
5978
8361
3385
9531
9591
5161
6384
243
3200
2650
8738
1471
5065
5977
3178
267
2421
7085
4436
2804
8633
5053
7412
1662
6418
8982
4745
4042
8884
9796
2179
6186
1772
7626
619
4409
8437
438
4964
1247
7202
4104
5336
6010
6908
7540
2992
6538
5576
3640
1525
4866
8755
8906
23
2955
8185
6286
952
1065
7061
850
6177
6638
6433
2314
964
1997
3974
8717
7564
2385
1456
1306
6409
4513
9958
9649
4844
6058
2752
6752
9362
7068
2360
2913
6610
6776
649
4734
1766
1280
3432
6199
1349
2102
158
6337
6379
4454
5478
1973
2717
3029
3224
2048
9372
5631
6048
7262
4509
287
5188
1865
8220
4783
8012
3612
6881
96
5316
4979
9552
4307
1066
758
6335
8189
8045
9066
4608
5962
4956
7309
7900
3088
1431
4397
4909
7979
6626
9434
2243
182
2274
423
8316
67
5739
4691
8352
2899
5928
611
5554
2158
584
4647
7314
3490
1591
6652
7463
7964
9351
6374
9674
578
7835
1324
3648
7073
7776
5540
5228
460
1494
4006
2116
5807
7495
7559
7742
3066
9277
6004
9826
9068
5935
3446
2905
5352
9556
2436
2837
2366
5945
9908
5243
6601
7859
6108
4945
5120
8147
3637
8654
2248
1397
1245
5705
3263
971
4
8787
2305
5712
933
4099
8231
1548
2227
4652
1273
2527
7297
6098
3156
4885
2023
4172
1303
9314
7701
8130
890
1889
9894
6883
2426
9557
3057
3224
5182
2582
4971
4366
1747
5224
4111
1252
7731
6548
9430
4237
413
115
3271
8306
6809
9999
5931
5937
866
3561
7215
373
6740
5484
5144
5297
1845
1575
9281
7862
1904
7725
5198
3635
6964
594
862
6801
1216
4136
9282
3271
5353
7304
5547
2673
2241
5187
6653
7290
218
6026
5610
6261
919
3270
2121
1804
2903
9579
7108
3264
3350
6946
6995
8387
7944
558
2626
8548
845
4852
509
4884
7610
3746
8556
5513
1613
1925
6157
5130
5050
3008
7531
679
9267
9813
7053
568
7042
458
8012
6886
8994
7437
6788
1599
3136
9625
2098
1831
4342
4341
2292
8129
3297
1125
9196
8818
2130
7096
5093
2427
548
3725
7708
5653
6533
2911
7516
42
2483
8917
4566
9374
5321
345
7437
8600
2039
3426
9760
1011
2900
1176
3857
8680
3535
4515
6671
7539
1160
5954
5217
8663
4188
7501
8528
3594
1814
4390
1795
6143
8744
958
7225
1758
7481
2307
6239
7260
4090
9809
2867
6770
6470
1750
9123
7350
3723
9814
2695
4609
3463
3881
5827
1478
2640
3507
3072
1726
555
2616
3114
3219
3476
2095
4972
8448
3213
1159
8596
1935
6884
7998
3202
4917
7036
7459
9698
4832
503
7533
2296
5518
7780
431
1150
23
2585
9796
3742
1599
2454
2023
4646
2390
5264
7426
1487
9819
6071
2984
6154
4001
7808
2700
8582
5793
5515
4593
2487
1942
5696
1523
118
977
805
6867
9091
8794
9331
285
6443
6873
7401
3397
8745
5337
5484
2691
5907
4368
4110
7542
8993
5221
9607
2372
1306
385
1870
6130
8367
7231
5801
53
1695
1135
8730
9566
4257
2581
9276
9109
3031
1950
6213
7287
6485
6801
720
6870
7535
2731
662
3350
3945
5782
7479
1096
3041
2482
4356
5177
9869
9626
7247
2432
2161
1406
1682
5352
1493
4894
3674
9275
9918
2394
3219
9661
5721
921
8915
4641
3428
6126
6429
2948
149
3052
2362
6776
7196
9138
2320
6465
7745
8250
6063
7173
2878
8310
2465
506
2099
1313
2185
7963
1430
9787
4502
8545
7443
6222
7140
9568
4217
756
8850
8718
1692
5933
4653
1717
4232
5783
7659
2285
4383
7193
1088
132
4321
3130
3520
4656
3167
3042
7860
7455
3855
9941
6585
7255
5638
4374
1246
5171
7548
4968
715
3394
4298
6244
6161
8841
648
6134
4333
6819
8013
7347
6996
8803
6938
635
7935
9963
5982
6748
7992
8388
8544
159
150
2040
6894
8236
484
8001
7090
58
803
1565
5134
1559
3684
4963
6727
11
2160
6696
9672
3492
9629
7257
3017
2879
8539
1643
6233
2200
4305
947
4347
4617
9389
2588
8812
383
9367
3837
1508
2321
6196
2525
160
8607
6104
690
9011
8441
8507
1162
6214
4010
2803
8433
3234
6462
1190
1597
964
1033
5689
8463
1192
8690
8374
3736
5240
1601
3150
5970
8337
2566
1871
399
5804
7468
800
2598
189
7007
854
5064
3349
1428
4657
7284
7733
7377
4584
4222
1369
7689
5449
9165
9321
1849
4608
5442
5790
3280
6938
6705
8786
8970
2402
9179
7495
271
4009
8375
1609
2912
5678
7397
4009
3751
2260
3066
4589
6629
7621
1137
3656
4456
4208
6670
3643
9713
5445
2979
545
4227
1496
9303
8162
6740
7582
5375
6615
1032
1676
1576
8376
8242
2382
6784
7121
3258
1112
4556
688
6887
5449
6083
7844
4345
9283
3702
8784
4338
1380
7948
7995
1433
7583
9460
1187
4171
8215
3958
8831
2071
9211
5154
6442
2295
9645
8066
9898
6916
1406
5087
8188
6234
7989
8821
7551
8111
9340
7784
6454
1955
8845
1698
4327
3842
4626
3469
9130
9222
4634
2430
598
9884
5978
9258
8777
8307
2807
9317
795
9704
4314
2036
2652
8959
7388
5335
9487
5282
8362
5436
8666
4588
6909
8736
7029
2389
4493
1919
9487
9387
6392
3747
3514
8171
6768
6653
804
9581
2556
6665
4020
3603
5177
2412
942
7811
6632
8151
413
2599
8532
7613
3564
6487
7009
5876
867
7637
7445
7941
9398
592
954
3524
7403
8248
5985
8109
3398
7785
3410
9801
4726
8930
6948
9721
8177
9408
5488
2565
7190
8564
594
9915
2803
2251
8298
9080
3121
8555
1632
1521
4861
1494
6878
3971
7092
894
2765
5926
8435
9693
5363
8632
1700
6420
5101
8386
272
9403
4010
7835
5929
4676
6252
818
7234
6372
793
2452
413
286
9150
9625
4531
4415
3050
5827
926
8576
5678
981
1794
2821
8159
5698
9206
8932
8843
8931
2
1502
6653
2378
6688
2075
6088
4074
9143
3050
7160
3926
8436
710
7286
2605
2815
8631
8700
9875
3875
6352
9832
9229
4528
865
1237
5221
4844
2720
3728
4344
3345
5764
4682
1216
2278
4870
2156
3984
3421
6419
3476
3316
3333
7838
6213
7810
2810
3119
6861
7973
6444
6335
6093
3785
6615
2805
8889
6488
1014
6320
9755
2026
732
3637
4300
2884
5767
9629
1528
2014
4528
3215
6814
7928
6829
4299
7313
5463
6353
3490
5914
6205
1953
3493
9406
9192
8360
2646
3369
3807
9333
8106
3822
7363
8631
8964
1389
7825
7846
9460
5580
861
1335
6894
5788
2761
6974
8454
1853
9182
8515
4523
2658
5352
8108
6369
1234
4855
38
8284
8552
3456
4439
192
4843
4618
9296
4776
4498
6361
7481
3605
7841
6586
1695
4968
6823
8827
6556
4888
2189
9016
7413
4162
281
1844
8476
5265
9271
70
3975
2749
4031
3235
1994
5168
9530
622
2477
6606
7167
3869
9776
5332
4657
9173
8675
2466
6265
8216
4416
1360
3175
8531
7730
3672
8792
7883
4541
7035
2511
5752
8497
8313
4424
8565
6399
8812
9176
9976
4063
1997
7358
4989
8238
9331
2573
2273
4039
7510
5839
1175
9369
2843
3280
6234
353
161
9936
6406
8565
9787
2832
6190
9026
6768
2765
1071
8613
6047
5367
5762
6018
2120
3934
9452
8469
1996
6572
122
789
1558
2875
1947
888
8192
5002
6689
5885
3780
6814
9012
4682
7883
9265
8306
2981
9795
5762
5961
3135
7562
7134
7582
6338
8248
4206
1898
4263
8776
9764
6206
5380
6966
1965
2812
6971
519
6039
9729
6036
171
3515
9633
9959
6167
2027
2669
6425
2826
2255
3303
9226
9425
314
2341
8375
5848
5320
9946
4702
1935
4595
7115
7356
3230
762
4202
3785
337
7322
9783
63
4150
8078
7211
686
4319
5244
3022
6120
1439
1452
2530
7184
7491
3639
3324
8056
8517
1466
8615
1499
8978
1952
8137
8505
4628
8142
6081
6380
3697
3901
8839
7785
9725
3413
7003
3858
4865
4842
6692
7171
7932
5082
2973
1763
4566
1318
1960
7615
8976
2834
5723
2847
1876
6037
9942
1505
9115
9666
4319
7447
9202
464
5347
2928
1236
9361
1458
6266
7303
2765
5074
6724
8180
7811
7966
9426
2752
9008
9796
1907
6915
7163
9693
2305
3908
2420
2789
9275
6260
8778
3385
592
9353
907
5473
249
4822
9667
5245
4728
6395
982
5823
6133
775
3053
1151
5868
7161
9588
2050
8227
7224
5263
8772
9937
199
4265
2745
9265
6947
177
2554
2220
4035
6627
1009
9120
1664
1672
5731
9293
1728
3005
9435
917
5505
931
4567
6951
4500
8531
9937
3294
834
3797
8442
9649
9800
4624
6084
126
1608
2614
8097
3521
9843
8606
1960
9657
385
8160
3471
7905
9623
1390
10000
1638
943
8635
9106
7396
9756
7091
5476
7358
1647
7549
9669
3752
8608
3708
918
2160
1773
5760
9409
4016
9608
2339
2491
6123
5531
9652
2488
4652
9598
4519
7300
4945
2736
7108
1082
1525
1383
2993
2520
3876
6881
4005
7984
7102
6785
2810
7786
5748
2971
5945
6059
9521
7366
5628
3626
5712
2898
6891
4834
1574
7849
3606
248
3237
1016
8914
7611
2308
15
3462
6897
6716
8898
8961
8885
2669
2185
4398
5946
8942
1281
9443
407
6430
7634
4981
1724
2201
8357
7697
3904
7779
6952
1280
7142
6895
8779
6807
1344
1170
9137
8878
8736
6079
890
2969
6677
5693
9376
6499
2610
8535
6186
8904
6911
3814
1347
2871
5708
9580
4264
7261
7473
7145
4128
7356
2850
6478
1932
7393
3760
2299
6743
9617
8125
6974
672
1653
368
3859
192
5368
4619
5935
3564
6834
1015
3167
2138
9251
4013
1037
7301
2403
4051
766
8431
4498
5333
2467
8514
9480
2698
9523
2165
7254
9480
3732
1425
8493
2829
4913
1493
4093
8534
1020
5632
8707
6017
8333
1528
689
5764
6066
4654
176
4163
7604
2777
2357
3797
4965
7807
1067
6158
7593
9930
2062
7189
2177
6483
8748
4273
8124
81
8861
1231
6019
5860
5413
558
7138
6155
6658
3770
9978
469
2851
1161
1563
8496
103
4544
7327
353
4679
4321
2921
9787
1627
6383
1725
3751
5173
1437
4029
7852
4508
3761
7049
3254
6222
1971
8727
7788
1684
3867
614
4283
7479
7216
9342
3315
5033
7520
5891
4227
255
818
3911
5657
6764
3016
2865
8978
9444
7814
150
2852
5162
9905
9804
9000
3783
3430
8872
6748
1670
6680
4634
7343
6858
4376
7798
1262
7542
8675
8852
6818
2115
8400
3817
9324
7736
2865
7227
9872
350
8106
1118
6828
9319
7201
8901
3764
4341
7747
853
6697
5820
9609
2586
7496
6415
3382
7351
2038
2973
6781
2780
3636
9824
2131
5973
4540
5680
5463
4053
4065
9051
2881
9640
939
3241
2341
415
2323
4294
5817
6659
6508
9025
8210
2602
7827
4434
7639
1162
6633
6181
6873
8026
5089
3155
6706
7826
9469
4634
2314
9226
8671
9595
570
1823
4851
5215
6875
7717
7868
3453
3758
3096
1779
601
1151
5994
2387
4790
1617
9065
1991
480
7782
5192
689
216
7624
928
6385
3848
2483
3282
9505
9595
4824
9839
4337
4543
9029
7661
4462
2272
8563
8042
7874
2518
2918
8962
5883
9267
5296
1941
8288
1544
5603
1486
8210
7753
9829
1842
44
9467
3004
9314
8565
7413
412
2436
7478
8318
7738
1030
3781
2410
1716
7060
6172
8180
4548
7761
4988
9068
3076
1173
3614
4276
7182
8725
5539
984
5372
8373
8725
7588
2903
6528
7583
7587
5602
1468
6680
9577
3031
1959
6359
3664
2444
876
1170
6708
310
8404
269
1265
1705
4375
3817
4560
1346
3812
5237
8454
3645
5728
6279
8360
272
341
6942
855
4885
4679
8259
1827
4975
2448
2084
5214
8826
2843
1254
4637
4653
5987
700
2330
7252
497
5048
5940
6176
3835
6774
9446
4239
1097
6003
7610
3285
3393
3938
5729
9565
684
1674
3019
6839
1690
3240
9450
2965
7500
2093
2536
8010
6125
4630
1607
3061
5297
6625
2445
5773
900
8421
5762
9568
7878
3787
7912
6407
9872
897
9043
8970
7035
3882
7198
8559
6052
9910
9336
2243
4069
3682
8209
2230
7762
4208
4157
3239
1787
9727
8365
2409
8536
7195
489
7942
226
5647
2165
3381
8775
4048
6094
6251
8604
2736
3552
8761
5799
5962
1542
4230
2050
7821
454
3984
2865
9832
6178
9892
5690
6825
550
2920
1596
115
8759
7783
7260
5019
2607
8679
7301
8537
3175
9079
6117
6095
6935
4052
5492
529
3930
3439
5208
4560
597
4500
6268
5357
5212
8090
5404
3347
1256
2351
3220
8002
8238
7946
2478
9191
7814
5440
5401
6508
7852
7882
6228
7685
995
8851
1681
4853
5377
8464
3295
7290
9805
608
6928
3483
354
2755
8139
1694
8432
8423
7394
5284
2222
1725
5079
8259
5034
9699
3962
558
6120
2713
4121
4685
4045
3075
4313
9978
3158
9919
5791
3813
1566
4084
4805
1909
3512
3291
8112
8707
21
1538
7417
1747
4788
6394
3646
6824
1300
3295
9921
4106
3091
5381
1168
2298
5175
6719
9738
5561
1719
4919
5610
7272
3719
8682
4326
6377
5790
81
9796
4446
9337
6755
5978
9270
7412
2212
9255
9825
4280
9222
4580
7511
6973
9056
4793
8120
4286
132
1010
31
168
5343
5652
9945
2160
4818
6829
5118
2847
9150
3577
4528
4064
3269
8583
9067
4442
3449
7991
6392
1266
6080
2110
9353
7893
1381
4495
2667
8495
7454
4371
4669
7840
4981
3113
5941
2130
4427
5100
5366
466
1984
9303
8060
4709
6892
1372
6623
4977
5062
8904
9061
49
4625
8920
6142
9748
1412
5479
5003
28
617
5375
7925
5388
7464
9502
883
7036
5933
4051
7739
8073
1398
9113
1455
4747
6600
3550
6354
652
5155
9321
5881
3290
5890
8917
448
3489
7865
7646
9158
3620
6230
9297
29
2793
6420
9047
6477
6854
1355
7155
2659
5804
8264
2116
9062
5318
6310
3150
4248
371
928
331
7885
7459
104
3613
8082
3728
1161
8800
2048
6943
8247
9931
3
6204
3767
9781
6445
6457
5439
6849
8078
8658
1809
3528
1800
8614
410
8080
4394
994
690
8575
777
272
1984
5437
4064
1709
4798
4866
1512
7632
3297
118
4772
7270
7315
7444
9871
7386
9681
5962
5332
7081
3540
5004
2699
5470
8903
2533
9545
3561
341
7072
3633
1313
2681
129
1836
5587
4902
492
5300
3793
6276
4841
7038
2985
9079
4003
2706
2224
8181
633
8130
3554
5658
9762
5841
6486
9981
6909
6831
1093
3849
1836
9269
8759
8842
5223
5213
577
8697
5195
6181
2679
4448
16
3407
422
45
3063
1125
9058
8841
7435
5773
7293
7947
8301
9170
545
3837
8763
8112
7241
7969
3554
6260
2940
5629
258
8329
2075
9645
1120
1196
9157
9590
6651
6057
3181
4139
2813
5780
9660
54
3902
173
147
2681
7343
4389
7100
2907
5536
1136
7592
2403
5961
4776
3296
2970
6453
4730
9827
2051
7190
4579
3739
4636
1320
8597
5884
8715
9714
1220
1785
8837
2080
1191
2361
543
6707
1091
9087
6012
3459
2202
8800
3272
2859
3885
5602
7165
3048
8768
8700
6125
3291
7639
300
594
3710
7526
3379
1047
4701
4440
6771
3807
5785
1048
8011
6210
7788
7610
3575
5280
5878
1693
9616
5885
3160
6529
7031
2879
9126
2591
8134
1912
4755
7584
397
1554
2486
4226
5059
853
950
2375
9590
8787
3468
9852
6878
1824
8541
9587
3806
874
875
5670
641
2307
9252
639
8619
2900
3094
8171
3939
5982
4526
6706
5495
9433
2742
6145
3394
5964
3575
4010
4724
319
2442
6261
8417
306
4356
2559
615
3405
876
7483
2905
8627
510
3651
1072
9455
4462
5837
6903
806
2554
8596
3169
2476
1772
4502
3858
5050
7921
8717
6981
8130
8699
9205
4408
2874
3059
3883
6514
9630
864
4861
6255
7273
2202
4168
8393
8165
6874
4232
2153
3463
4681
1061
249
4117
2215
2500
1688
1539
3792
1464
8998
8980
7351
9892
5645
3062
8976
5700
4986
1585
76
567
214
919
5483
1062
4717
3115
2814
5020
9914
8863
9424
5382
2022
3326
4097
8821
337
8438
6751
3497
5737
2408
6454
8667
5439
6598
9084
7761
1755
3380
7212
1365
6866
9748
9946
5733
6458
3071
5608
1305
4602
1103
9572
4009
3680
3156
3944
3030
5558
8550
3687
4280
