31 11 2 
4830 
8970140096128604
5442896405929720
4361016698517518
2773746563882190
8812794495911099
274180985019319
7718153151657921
3039921075510781
1252519889431911
3772418088478611
1033685974314894
3005941100009536
9053940333252709
4086241701231969
9276252775266903
8957414576752993
7719078247379762
9216523393400571
9773701821404411
9347893957578057
68757093561497
2574453224430948
5706669042380184
6854233741723487
8122510050291452
1898248493541278
7997643200436532
1770241117694858
3634873675054432
822640322771955
4782905654591163
2515038274654991
3568173761631726
4119654646412908
1305982876873292
3457850867524079
8071535166452615
5372138203141346
8680761799832223
5128865149514593
4199824365701831
7705446268111599
935427505392727
9665873759641062
9248242072515527
7641658888938632
1554360855353473
637766230513554
530086938119868
7282104053197082
6776659565215660
8854996408561921
5596713433987904
7455522019215058
1206353477472972
3382156970345334
3266313465918710
4966339476539566
2782090453440489
9763654546828322
9108053773052233
1557017466672163
3438087956785474
7564798189680955
1396071830154369
8283059527246954
457668296888347
7926948153145236
7937011495232772
523541999278948
6830880813312350
4519421672711991
7513298908076454
8520684126001824
1060819198666549
4237638298797957
1508433482729372
6736172532648858
747295906587035
6711517887738361
5688339872034422
2854046334751578
3929935845924997
5356847821271185
1651349059373511
1700799921769618
9827522106277213
8202736433831021
6247551890808690
7865221949437865
7067228927206765
2171206832868336
8885321529110532
8644271120482271
8322597072064489
5753738393520599
6078885323456998
2073658108623082
227988628529653
3293949925301377
4132047062324679
6702989047366025
987794274833988
3416169061068866
8399296712604505
9962032105835156
8788616721659180
485164999922339
5003189237435476
6365050973021506
2284844307512032
8301166280248741
9116812843554829
592678843017526
6169664207961702
2512626893795887
1140471750221131
7517095441951011
4073681944852762
2693057425897746
2663371155344949
7751821284939808
6508777826229781
9387429529060485
2497756130032466
9661609863178604
881637974589536
1939341713054415
3923589641231637
754853844015669
4571414583527243
7141591357293286
1045168636637702
6213176530496536
6305582512935006
199307793402113
8884700515097089
9711931119201285
5942140376850478
9411543383353533
4035646018745380
1795472824637397
4494091962783617
9382755848877396
36320651838839
4021283765030359
350516488646754
8158645090733213
3891763190764615
3351911946586296
1188012681487863
4351833511869207
1639328426576449
4048944000038507
2654026500404079
1119323945578000
6490991846826254
883732564835428
4791111780267264
4106691620416201
7044815376771106
1975206816754662
182351867202334
1075179890075898
6027287747895841
1921784691890555
3863020231332487
6059384922877086
714624014477682
1353896665255204
7396067034037986
1430724788800168
6915726999110845
968378054429555
7201985717940431
2545898180657406
9580573815599738
9074119269744584
1078600781131364
3569144055617419
2129126893041345
517699411027150
4611757698428900
4646660616096840
6073683299115226
9007862827349264
5025925407707847
5755781765716290
4401209308013127
4600407641272411
2322322735288130
4135976155184947
2649965286791315
6489534557330860
2940771683274285
9675452177850641
97548027532110
2361119065898080
2166321391867717
8871120253846939
7273649353909460
6846317564472869
6409822465320779
9683784919028694
790532400613552
203636222381819
1581215298653802
8361599821499183
7201253968619700
8379792292806439
8551263066158245
2673389041012334
4291697871866235
3357335181776402
4440218317442685
8281182941634252
3883849090081573
9163252523288035
4524924847347895
4692020628762566
6190681334309212
7686036484771978
3486825864923073
9371707650738465
5749318810430059
5813820627460698
2626086808810817
8964964300186504
6149803994866532
7018397833806412
8205240388292744
1872390859199622
4851279421476941
3070196207119418
9506758751224913
365638406751651
7241248371610698
2826341221067280
7120213031404558
2763080050866990
7305964011603594
1193602157084433
6288686463430760
7190394633282712
8278641854583846
9125622326761320
7368611172962981
2892283040500319
1931848101842061
5736158560435669
2289597975390239
7248773906561161
4472351140269870
9537668645253757
2873515981548111
5985583150436050
3430386170225266
8666303727109884
3944267588706849
5595467274127260
9103811346255275
4909432056782472
7584724195417229
9081412214312143
4148472504143929
5635272455121842
2833094337280879
7980355025142833
2036501415332043
2969612850511420
639834284312779
9828132037422714
7191677547048139
7146160342338127
8261587706112736
6658230488218359
1372240604718098
8767382623611410
7770719859993668
4770037632420515
6302359161197019
1524646235211531
7563750552353928
3413010574921560
2523926473677265
8287189788392367
8502360788387420
1490166111023227
4974119144452195
2405980133678491
1176982013583340
619725150909590
4617944609838459
7966365839113939
7745831734566432
9415573447579405
204560837655227
7782683896889310
6650436450872678
9787372132742848
2952324551304990
5870703739466601
8273138921565904
4208095772634243
2023579844570621
5983059609387651
5467362258310884
4426669282205490
8917707412300103
1329164792194798
5713522819947625
1837975296465621
6954697676870271
3436542831963283
3291848674065957
8601176795637888
5414978102183182
4135728952394372
815751218595933
6423503317058696
1596045125298201
1875883273139873
1361095954132788
8446865920985671
6974008514498815
8447328148014965
3583401299730399
7613083894043408
60722364774522
9012134961123532
4264731636382330
3048254717046132
490432948821024
1688929515571004
4989668576744737
9310762689759940
5354039734490197
7986379544813264
1733199080181076
2072964683505169
6482612715373168
8767898976978493
5003427552234254
6104318581735904
7050220817798948
7619721989664432
5943822852993413
5526448781729057
2954565153121838
3578463466726430
5663914818632573
918807748118338
6038075908552964
8858303662950678
6429311629730230
1001893220927075
7036513382338583
302694044235160
9924867758870114
4942518392937843
898833895505098
2972977455732804
1966900465911189
5355470043582795
3618669529127363
8221011526838858
7851099992137628
4843097898971883
6755538390102884
7274951890134810
1927498412666054
5091246628100948
4953516593921601
875701100901269
780134317902346
7847253208221379
5076718430245114
5850610931967321
6548981837243303
5192668647137968
7357422514435270
7152095381864449
2681581680601903
7285776741930663
3604816444700889
7481709501427748
5192511488067072
2920683806013959
2372545941378240
4887770968571704
8004880709854246
3996125419411923
3800654616692376
8598956735708314
4364891586464733
9663187519976119
3378329632345451
6892376791507536
6157496300697626
4359834435452290
1590853327707490
3104340694238011
5957772602448998
2469298048580565
1556558204505812
6406383879471896
6719037420395249
2494351117780979
466835101520714
9773240403573906
7115514159089877
6817941766123395
6823133018197855
4700517696073092
1911297719682692
6091058738250557
1046563301125217
3299311307121196
1348281262058135
2618617475666693
1425726272668315
3494427923187477
264075642884509
7923938294020229
6653618578487250
6970348638765330
9198430921857395
6416533278187509
7223209977024592
9853881170781300
8135950689563506
3508818732802049
9228836007600020
5996418650122040
3606243565653392
5470802897405103
8425241751115124
5703846283304406
4543107717432566
8902986578975931
222943135040685
1231797587427185
5581804937371300
9186760667496876
5074230559027813
4367710117578382
9134889923166252
1224669564594995
1719725144035145
9999544089146354
3932718616615742
4355439483031790
9227918443318813
8997540665140610
5585305090568420
5446840790669743
5857860998953948
7424493290705720
3891155579392496
5804979908497268
6165985835299407
928976715972994
5442959869095001
6732432398868714
989319598289916
1720447667093403
4589860281526956
9487250132742811
7822385425279481
9157804098018265
1720100246935932
155519290615428
1779019476558804
2960653011603391
5185177605469997
4526416086620119
982918249013745
7580091799790976
5561055046673757
6821857416928578
4930854207812301
1115551255684121
8123244225755554
2729788394582753
3177744185997084
5150246208214583
8774628860822356
8566633233567228
4827808919959396
2590228910115883
5851630746536011
2858258540866978
8953438668522124
1019877148901653
8151686094145532
1024265395107504
3757060059608554
6384621225738870
2913546488096983
9083922814791709
8959489417113565
9960292712074967
5644262285590599
7888093924544702
6864364172081620
7489879307546549
8261559809410411
5447857347642573
558311228055798
2567277404097944
7405526412282842
7437479686068872
8449945929793211
5289541739966797
8210311994848807
5357927161055211
4510511775508496
1081634118579427
490140297401575
2141500813104210
4855757358341324
6226578466138691
9894231640191523
553645722344944
4919797546128264
8384407469842352
198664652632890
6280931392263194
6892383640723381
2372335494144448
5491404802833600
8328710152582922
1425469394968456
820800289248679
3182065146503066
5437726926898083
628607829740309
7747759368575537
9134610621771018
8234416593276857
2929409506027968
2376872352699516
5502412651489222
963079419134735
4523771639089087
7345679842741429
3264587929519499
9054978059198238
8517072940289555
6237684524065408
4575097640798924
929089847436915
6644807496261450
6604522886086135
8090614414993894
3142519248691375
7316081392606467
7899347177646193
3048912782098679
4888004487259670
2827155855567264
6038548089347085
3915275112024306
8676238155863852
2331692213980660
4779610802552282
752226618367382
3122424473365930
3418542126931332
5250647736482247
254460907331851
8434418651579230
141943852310378
6674587451161446
4073238719420329
7191648979359799
1077783667319440
6908152207215834
5882186806309854
3176614995203206
1240752524734353
7808102836252913
4770804038223535
7942056113393251
9929895211940724
1556869584799879
6162223367461363
6498300343452614
4520017033612171
2563959138858258
793766175921976
7585695213022440
9397364269878778
7325629434713733
7444920795314205
6962766016476669
8858632435281619
6235330591321948
2947548594299047
7379245873617492
281970425750334
4904210872722656
2692892535874223
3973782989278901
1022895706321368
3963971853955762
5400106132520326
332422729382881
5565126933394603
4120475099690327
3788313562614197
7557061920971281
6678593652479107
9718770405399996
7023530042806397
746518109912539
7350444372168399
9839706751934314
2404238529033662
911858698829637
4742496717779812
2769596530931674
4457104557731262
2234779568918000
3127263802729298
3668421235298960
1048187782271629
6756015628438827
1007201846768235
1389996332322142
339445257885427
5531536209233884
578464135391799
4886863624562341
7566296980262090
489261148911757
7117953233116220
4293654895826515
6423308508035049
7086092515056055
5216906059581921
1875280285802079
9984968938685
6254652686374389
2934740799197670
9893304412281618
5413621692886822
2283906838238336
4425869958363630
2295127746086848
5979344528545376
8347198243557379
8932133189152248
227262779579433
4804919495522638
1216789434287390
4393492400104982
619365469755841
9843731614828992
6232643917281398
8364283567513470
716379801742435
3980080220899669
1268831317179222
6997262978510966
8469966668614523
1272203425158129
4386184472478489
4924382676171094
7198560176047158
1187717244581562
9240536633129029
9726952050776990
3262454893634532
9260535600143328
6813065213312205
5272408558322952
4780120980720970
5045421077439926
3261951254748059
660331380854362
9691321888952192
9328216593468942
5679294249022002
5089231108999307
7365315527633449
4635818593603441
2799865686795606
7504547763876597
1508686305641824
111763877806695
1963996928791072
8947222745447765
1942905647048498
7183414372410009
7761493087370928
6935482793667846
1520330583799823
2740439855382577
1583205529064554
4335707983042545
3716374644113203
509637678247447
7220266039478301
4080952143220004
4931336303444586
5015276662121882
1119061025801150
724235198250489
3851429063496523
8192407075916189
649376334791204
5952194623297666
6354423124894941
3496618814584797
9016545767427413
2423020672299703
8743801863737492
2834203547253589
9500461126565280
8196641964435403
9206253134079726
8004935378408235
1714664707883928
5288479582534675
7676893090588104
385247500478416
8406283039894660
1785949286488955
9642500488327652
7974180436732544
3161695486412937
1961082654051250
3383051756447477
9965436034097775
8468759871937150
4243392289891653
9595884640248384
8509540133739622
7567876120594178
142475384315502
4298782994445539
9296224942939370
2779649731358296
3973849139495340
8928811487711583
9841873537148261
3776517581657148
3540396123851484
9225652587427107
2951073129349318
3886947297907004
9787174358732936
3737731459660003
9467746620881832
2323602920315815
5108315917965410
5315330191928747
7571585863681426
2881124125420182
9313564179006926
3655712843909175
1592294946969982
7250380602653725
7369080724984343
7960408040856229
5807984731536707
7633706392390284
3103933781895417
5448696700106173
734466718018710
1997429729489550
2088806806750866
4713375013953335
7925284771304354
6330508741559182
4403674413262429
8802387357920767
3282500666827379
3067035449075028
4619994495696557
5341694931319
4998382913141037
4160280784292687
9224489476201010
2235345749677329
9915507177571256
7536010312876924
1386803629579727
4881318531249284
6254238729795213
6650657084846894
5255435942932429
408513403010251
3388509139464179
1561001891202477
2901550733750903
4071128860113387
7689005919146333
8633412729878355
483062849666379
6375485035777170
2229361013435827
7163091417846618
2378315240436708
5679965807035391
7390372746271293
2963010455807066
1825481997309331
2816546859104586
1416511351722289
9427021689022349
9608792693311022
4904827835375719
2555651675149016
474777557442091
2267860785687786
1426881717848721
9047066134317320
6014457524547439
221363565810997
7616678088680140
9456500693969848
7451225569312218
1082074561329030
6230981897557399
8501479967340882
6753643500217753
3748985151298272
3880101565109957
3692162844709796
3023308981194312
2851782870226288
7269380933834491
6558614790942598
7451446773188796
9588494447265321
1376244004693275
5223898461247121
9788972246295318
8994503146750165
4989949644714986
9983856350448000
2610726762886882
7522502070832929
6946868214755813
7330721734838886
4434294433779172
1052778519420052
5287500469256874
6282067485920927
6167530619665209
6760966770678517
8790897841939121
8777226955470716
3336945775694224
87049128672509
2982829086214981
3085414750929094
645511915855040
264876539957488
2886376547152421
7789448089011977
3227070915651133
2343795101696442
9463508162995476
2431097901410621
5636613118756667
907031681721939
6167887224644029
194464914052557
7414289772042672
1468859292720238
2378631396880753
3202261669704494
500723650243383
1498855543348679
5809261915177714
3437043691343455
1003937200145444
6051250107618066
4224859228950327
5340058658824137
387711238485797
5573733265458857
7619991590795038
8714750018665491
7367857965607182
5700260901972031
6898589298869387
9395010095120002
951040731442480
893306741034302
1775982793856100
318466309916366
9096984847634037
4043591445788393
8421914794847192
3345773353440242
4737670173040239
8166469770162113
2871050156972497
875288793917234
9520035420262970
3501082152566347
1798028272323737
7633247787366893
1663584646894309
5348190575511840
5564658560598070
8174884410688302
377108620318292
153583610053750
9768971027538814
2204877616888870
5225709996085686
9929909351025797
9810293979350491
3968212823227792
7320245297319104
1996418518284317
9948246544954452
9805228793051944
9509397949657551
5164634824525805
8492748689676852
5695035411762986
1678692961427622
5724187801590117
3450955407156651
8010024663492240
6846950018344725
6771773766611476
4418205453438130
8091498183960508
9806941935626055
1716486746308411
8183972057538787
783135237017716
839976837462847
9554915834432191
9816260967562769
4409494942712926
8108080732916078
1187537722935539
302354874057187
902046906583171
1693006182320538
4194599306564491
7916972382291170
1214734848769082
4017864057089924
183731980560869
1078356151975403
1372643892571948
7276291747638429
934184811792689
729381195384651
8239223780769244
7289782639207754
7009661722843488
2137517093578776
4026286668598229
6120518217294366
3005590734948852
1682072625759211
3947238843893310
5950803865461591
2861990743659032
8283456223004609
3590556997049678
8382908290897983
4327802095596564
2790140189996242
6714652836478526
5991882036546403
3415113705527849
402343982333787
9734511159389585
3941274620771470
1464663879099177
9875428521307939
8008628526206661
6807272344685507
7437807819884314
8913199882170279
1535464034155195
5350967474701541
77675300399187
902019383962776
1732941600640145
739112296822636
696461594901801
8363482815035239
4964532644571041
851009798619648
7258548512114955
9543744975574346
5423310210313810
2144448038929405
2016401261651554
1031661728665841
1713943693463874
8800450968985645
7632680694157981
9527234980753760
9934322334608611
5793863472148186
5445440871919717
9811771299262867
435136576257656
395631853498428
4938873002861900
4516247314557281
9524137125719738
9321562996059254
1740430889277536
4375574409217046
10461288535083
1413656993965464
5755749262214246
6088783418809006
2490461148606648
101332337148485
5004068142690654
9310423481034373
3502681137731656
9237532550731935
7231257235011371
6960472949552776
4718922311326120
9387585413364913
646761203737387
5706923711232523
9318404209443372
7662586950541162
8044833415865866
101624354893835
2658213531555687
5874272755096353
8411048494032140
6392902193794264
3675892010966204
6964256312304704
9991157635579646
1634979760094145
8790504185108815
1262321887813110
7597669980942876
6898656227723019
8825174494084371
4518799880362943
9367554402187976
5821373439652557
777873773875260
9486154892863765
4157315436311332
8171936273204461
7789913158174039
5633073743460147
5542840797443337
9529418789104832
6392364863977278
4141878747605634
5003869829422313
6093946747670077
2910399946208685
1088886329150152
7985402444225025
1040544838479483
6048645136521338
6690878811357069
1880197159138413
2887965067048566
5594146882303654
3045033909545619
6979017246895482
794458221854202
7021579209113505
5857240213363077
2022136971335111
1259518796648831
9038021866523498
3170233400366292
7110803596153324
3864284537458604
9200286764510001
4738455217883078
7975888508837311
4657106054311850
6627300003473066
861917424103889
8637083833907004
135899812251705
8192169610166279
4892799615969576
2410680309991998
2043149322027666
7200475090942706
5303111512124079
4305023474769959
9167354913532950
4018478824479236
6877016112015088
9929368239786077
2301690197270398
3530462575641688
5472891230195377
2333318118312606
9986574549099889
8366725895977076
2070181200407547
4726061483680779
9653511194816428
6676526177791649
5631880505406367
2675196417498327
6178973383168644
7792081404378268
9772233348416465
3903209892342411
92931312163546
7223419345871464
2950248340597459
2651238491144334
4196517201784932
8200178625927923
6625996999299482
2416001594842611
912689261111441
4927057124557431
8060201500532267
5224830170863545
764556217184354
3558816542747769
8716461131843055
5468718903590424
4836367600601463
724877532508190
8883139966643737
6846259565459003
3610061066517990
1660348356541258
9131451906218430
281332733425787
5541691262736644
1647518044010632
526027197957640
1723495865461395
1232898774396653
4002806324725914
7211250797333400
4137487642480588
6936028488029958
5682315086262628
3023687785230624
613638595220232
7557817878399909
5956795877470761
6054854295459169
1064443753282280
4640063612575640
8321934979063278
7897093355913694
5392322106282593
3040528227956472
7725981355289377
7769525677343157
6040350825308977
830529271902688
3331342520178948
496800172237710
1580757774965765
1424500645763974
2514381069681227
3701584075023366
5998524115658993
2938376858290739
5344310510900564
9083266910381667
1291575628170984
6513627938223039
1127690619787814
604680101787301
1244369798376042
8021424218136369
7482532667057970
7196906681117713
706491193207583
2742701492046217
4570006054055113
8139717903628860
8440166696629186
4811085960120607
2774396138715271
4622326965071236
4259971096084017
6451030494599066
1092364859692576
5781826323242633
6264024698566475
8783631415923299
6303219063827443
7196459661771274
7094469099943860
6254233977599459
475342463746423
7160658206174867
6870818537296819
6586639399220794
4689628724721922
9325296303410402
7740845553485628
2953427501884100
5497764977157724
9663523286928417
6926543532462636
8900078626356145
3679130846846511
3541476236941935
191392621422378
6545076762315182
1119634890700277
2509571881332326
8047255379157110
503018710191863
2591833824779043
2455415520895610
5868626350647598
1847563183278781
7951290573716146
919659913464742
3894794193555061
1565405929902132
1596264546054322
8228309447806718
5594496758619980
6697271262251120
9874431139714793
4554291447279553
3750966967429859
9384340977776660
4548145075497123
3319711319239030
5831298431080427
3609370061666555
9019497076039643
3694886573434933
9557381076807534
1146588799031465
5611226771118243
4942096898581143
7716059645510703
3775290393485715
8154730359210980
5307080807561750
5122024579125865
5091732456948659
6139516739031734
1220107489771022
7791523360860193
7891534464106198
1269226061620743
9843592210468837
1704251877971925
9481830299931524
7522502676113906
2557978241723249
7497655351975241
9484157131165095
8835761327345752
2401839689457281
3415431118275299
4497862954165255
2440442270333446
3936545062154332
1291650683388604
3667972337108262
6777023832724355
8703788931432084
8571817786430324
7424898243660246
8686639903880258
4553325172529414
7808588442821171
1910714405939367
4553542369569715
6982207598948298
5703118419857434
8889280331614131
5438980041001920
1256009836683722
9746514250156907
9013356476769190
4978992069719052
8397453351621609
7486727089681678
8990113464897493
2017559757088315
7001078655702439
1154012933121333
3105195093634138
6886128017689320
2265558798260602
5562709647254851
8654660957124258
7396005927947034
2150196288350189
6875178530344501
3615614415484645
1836965829852269
3969616997720617
1193808830416144
2678560094862137
6055245070740983
6446216269911128
7027541083089578
763841394639464
5185330859530620
6669171929023050
4501587944884982
1572325949422506
4843972867719841
8910653749450765
3492524422652642
2229799526381896
9729217222146364
7356643849199048
3148165570106664
5094080750037743
2433659473897460
4448820205108786
6810760369608066
2209064527988128
6790182104797596
3088444468582042
4368848873079550
4384711189636838
8234911952418115
6196122238859105
2865764801209364
515805838061309
3801469777040363
1644492368833299
783959562430020
9772842049109859
9421183504894142
4990502519753237
9207956767859413
6819109653542790
4631703065842378
4090138339204736
8741085402400317
7443552552949996
5110807775971449
9734785559119868
1167462836624172
8285156218570947
8214943306651812
7735320432524133
6872997363213324
2909371547550700
4163314288100474
738913878224704
9552577512403650
8315017609216057
5912405242653771
268466857214738
2851299911780616
7182789767953277
6536358123784810
1045234025608251
610901414182702
8024745926353942
3241331453198990
8885712945498986
3516054188659315
4340328604510776
5555770380410431
36470689636644
2121884166741558
5846151636549134
7916460857803023
1357243281475895
3652901586130609
8708709923963349
1723784203561359
825973654527279
5307940761583271
4508509855854971
5085919430258224
7759175015940769
659769620299948
9580415316139576
7519411208596525
8745880369773084
3358662284224191
4230812526514876
9752486117359643
8318408279522588
6752985872446982
2922935671693809
3632990016796662
6563456929202589
2085855534058355
9087309739822437
3531151907403964
6171969841359092
9019749344224613
7195290021460567
8989438814964987
2898969096787881
2910855120573410
6745410716157155
9459227449891455
4545044597766116
7160839464713619
8790269079733317
4599545063908974
1417580051336660
8035616699958854
3348908839968723
2296558715970466
7042843233852676
9636202640168741
5646651284275956
8724084606352642
896935384096164
3794954651211996
9848951996463748
5816205664693559
3046685695735725
1710570986153260
2318078722883845
5869260729972330
2807381890550681
915804138813476
5941543583584374
6090693240601852
1326067727691068
1473633711891930
1018504789246657
6590194499165334
8478584577128147
4227441179887173
7171485716812729
3379666505652613
7623335568905115
8868953629815445
5784980499364069
519353192984669
7836871075529185
5328436120974313
8927997494296196
3737670815122984
4021720495895231
7629611739443135
8231629690640384
5955142352037268
454245205833239
2081475082544194
5894550089354667
7327753577730776
2940236743229915
5999096459846959
7361444102617036
8511086089088967
9174954945565433
2183939417753150
3939140550386715
474358263097735
5275772114843255
747072958082873
8211338979327213
6881336428894385
5329290240564337
6478791511119651
6723851096474904
6261422483655601
2226978324870207
296385485755937
9084509543925432
4301869754695640
3509894881284373
7319255434599925
7667103453591615
1492379921013946
1535205355748430
2836328932290225
7967166686831628
3655121030087352
6939522887499446
7789331229278977
8859118981792526
6463954260418060
1825075188658843
5089225286707103
9843405463614655
9216629420414325
6958070813053723
9041022193102813
9418945114029528
5808687769521911
2986550361972244
3635555175075922
71432129831057
1177754392131712
6945515491383491
8374226944269005
8696164899803553
8129018454621067
9214578394473742
3586456212638225
590362369103364
8928922558172918
2796004725813435
3304146203762327
4738680005265689
8366687694023218
8055727948056977
3102367597689403
9706882750476205
4137319317115620
1816344976608701
9253052070716518
3602014409049424
1908362620161242
2169260192440638
403584647948545
2696230001788876
380607948543113
4569790645476616
5956616795807875
7126999708461206
9646254546615475
8610901608140796
9892040145377498
9498008938286856
2076723384041797
9811549197897743
4903593016226109
3377928463863645
1068248391825671
3258786914185106
7890624306981249
3886644521486334
653809146034509
3122754600750972
8662476773031143
3449971502903468
8037035597256314
545437386269456
6652407194195255
6053632723276738
2461782143710671
3715799398769751
4846801173634923
4110783778520837
6002543433217274
4255834582415685
4943494519022190
7355503460865345
8948568374572512
2815713214331856
9483160465761036
3043864326191335
3428227783762842
2247898313231871
5669751885701746
5998887115423253
31570875546536
6709249345851957
2584498387904529
2647749766281489
2466062756197908
6708996624929384
24007113611312
5011018584955316
567559315774908
2471235220910640
9113105534127665
8139581411807982
4484374896441814
7734070216663262
3195509951874120
2765323874341230
6162158470019850
5681980673605702
6922723288931827
706450436128299
6935262867362192
251100452382215
983873860211876
2058506412271529
291194631990820
6942549613685343
687022888069722
2422624781021944
6984477208186130
6030302075949116
9457833934593696
3014170801590965
4154025143775497
1413562018802380
4412426003631475
9268358139137949
4823547715354352
697449297898864
6878375581354301
8583713480255364
1534727572103516
3223539138408734
7913880628527312
9424729328856344
1968677298914685
7014265896762653
6090683226816422
6354540031629101
7458353638988072
1752329321739271
7339791664050707
4781734601946333
1598903245224021
8508815081654730
8909928731582432
7233203973230875
5980632615350240
2220270420599217
7672013881713262
6452111874353502
4054441576334665
2382450001672526
2399209688353764
6697935717785918
1656383359898519
8454297978897848
1780707628632204
472886390486565
4924624384108031
7323766206682804
7805000852204478
7846387471502653
6844730047582876
9345236836860913
3791308698005930
6363846565349162
625676569832039
3292965719791816
2231206694778035
9523764184078823
9425911075609171
1647327813892511
7137628243117397
5054988200150112
6134626514132434
6831879701089520
4224985184693514
5022761365697409
3421355691708181
7156089757377592
9330228352115555
1439007251755044
2032459089327853
9812539518351118
292976688944147
9480987314281474
4069991522520126
562225586899189
4774400218731226
3022323432126021
8742798435736733
6452542332596772
5999926911901582
1432949608317235
4176643312553470
5922907659792952
5753933268012034
1672835845275747
1383577133373641
3403252654985297
9919155251499499
9645687060017124
7867395030509024
1544161893478187
6531136091274744
8879931490670688
6555603468079922
9120701698051028
708095229518208
8973942451188295
3562012564913264
5380511603763227
124228703864431
6065028716456733
9519378999967937
8567912744154492
6655536265588155
4444128565435440
6738481166414123
1033416104661133
5644173391822610
1678539608321276
1317948665027245
7360253782778495
3103001581412857
5665318404236990
6545792070896808
3988391908804716
5592691571848044
3907133446399379
2959758013412875
6133386063034573
2697979186814968
2610720235193899
4486967286975928
4892719108094129
8942163885620465
9832882700078729
3924779532334801
5459503788049895
7956889521117303
803898495079382
7803529890273050
7325646444999469
978093324609884
4646597675215161
3764422657858948
7345843263286897
1182789929924657
6463026045045217
3390462456257197
3381574091218563
3451323672935595
2126000727779098
3392972087575664
7053759439164032
7901718499366742
6512755855542794
9132444559629077
8364160941005855
7399486918293682
931036524821889
1523910960241665
3451348882556120
7207718475199561
1221924258627001
5986333471599981
8151116300222744
1329206590955572
5504691387936418
6179896331779739
6575703088532731
772392668393479
5327277155262939
737580203186305
3090289804404327
4455734898989567
5971478010765531
5554364344641421
9098903575020960
5791743105104498
814573747489348
9069247988771459
8643314606709268
7574892489243642
7495555350920264
9131213815173466
2149269848809115
9223911532389226
5415509805302551
5415222816589146
7972063807068083
9985266963757779
7787896089684073
1997961676689023
7961850171528176
3282965139185165
6130867043326581
1195297274632174
1498146735177616
7327572333143548
2964133417946433
5445973768973551
7110479706262492
133563630244498
5836280180515208
4463928524908391
3863383986687747
4924197270853526
3688588292288339
4708105280448610
9672635023337330
9394981254617271
3728759864199935
8193297802647833
632936234756177
6244769579545734
219227787870184
173747531512489
4750493659731502
7457157494471100
7005196193162306
2466601301267695
6072136759522420
5668852576612381
6850371624216185
5604133826324772
7517028993466643
9771032999591510
8657814334650834
700713040807122
5070195748160091
6602078728055325
9108279771296380
3988444786953516
4934045310191658
4947150281368395
2689929495892864
923603666167271
5055387745873954
8430757864776083
4256549537127061
4030138362440171
1846026698988053
6725819303720166
4056309221067291
1701503410872231
8657293386787213
64669526541819
1634233590541142
6334914855217907
1206484265795382
2840123659824886
6625206580194999
2153623518154024
3190668735573922
156244900813842
8263484373362025
2639770566015886
2861485239366315
8624265672102250
8364607196728203
3247691238744873
2352666554921819
5132571953744880
6027152315925668
364317596614473
8069780431748121
2195929388171467
9869321425878478
480512845541898
5986040583163084
6015329586595010
268306592347466
5832005247678986
9451695644454722
4703874848095796
3392451360706271
1165309453737798
396728841544579
2981641919531477
4849756344408996
3308304491078920
8160355741011480
5717933398517612
4582109582094133
3752678620409712
1441072053454381
2271411418653233
2896568021721448
1874059592211936
6600485307897105
400654708606910
5993262443646804
1618647644165405
6085591800312134
4359876708831633
4600435555353088
1972997576954707
537612049231499
5725242804418290
7063223709893528
5563152955807202
1551811156992641
355809645908467
8952415807678549
9047861369269968
1302333782477297
1664981201540297
2448743380997575
4118318032062617
1713620991822672
2248954669804516
6954778852722166
4521002863941870
5726758642102940
2304239185079320
797130367480852
593028482471891
2714762480658684
1142197384487625
5606889915363188
5534892012238254
9789611512547775
6117300927037483
4066148805678397
8624370625782270
2378657856424796
6164134508652238
7687203682182470
7046598632056298
3095948491524693
2769919336386769
3396337137498787
2373387106192749
6934311912295941
671254244033057
6196507725651768
834298801402729
8281095221077067
3301735156975511
8925615128858227
8112411768714309
660365655545104
177950340259281
4853954901141391
6827420456159544
5224066704161970
500652866900838
6158936023343536
3330900125834917
2019719711355185
4149100104903141
8201745728199133
9355446291688967
6311084067769431
1410715321623894
1328228217200829
725608182975345
9794257523966264
1739072543908967
6780210951923779
3448036507471926
3567411489606324
6241368966949827
6113819732886674
3358419757893270
822529360402892
3638136904797479
1793401460832611
5303901692419405
3397882463612176
5428591712127591
2776864189951705
9955179856392934
6142379202896678
7881812257838600
2946918552264436
9452652444729921
4176784818814549
1369370530034787
738133953633189
5117050950128895
9898568650152161
7951437985442584
870931816451893
9995832745707212
4641638431477479
8713628635101631
7219225495389143
2608807271192515
5922804690123081
8621055439516291
2065390344064208
8660847546378983
1441303088607956
1780808301795310
3745318447150733
6244016041865646
3803760530772449
9782426066046477
5820419318742060
6554637343669759
1238096263805263
7419870618107114
8905819368665319
3230271121056382
9662470350587822
4870489564773346
257731179880212
1560793429754753
3367766742550642
4717148195995956
2967616165936205
4612893466683376
9168761365351453
2318238437658403
4668027584158967
8831795535375827
6160231178578632
5917541974255834
8480501281236628
7356380998091711
7320706305116783
470727836245370
6347107684516313
1997722190250963
6702389513949753
3638031159298471
7333522098321609
3818523675388896
716046213135347
925019438090208
6127100094515126
7214341708849622
4292455358666773
3381633292778126
3640843937502680
7260335946774403
7058603328690170
5815098878603278
8503326781884938
2347642117948082
4130226911798203
6060141816683954
3346148663202612
2639354681385845
7137739914375660
9177332127305367
4085632661381402
8731935410563992
5916942604213670
6587914969694443
8639135252392930
8751736454593259
3123420698827885
9952605819431929
1833473774824586
9941733040061293
6576036051602090
6059226644750505
4201679511150344
2897035608932613
9069205720908305
1863663845820434
4554910611202745
2933934464347486
6455515450835225
9683910231954525
1306634002540589
6393649425973995
3795106901627009
9375450908958256
6369975930225395
8267828394391429
5972843119608205
2166128489851441
9230833000345112
2066673001998506
254678580350129
651573760706376
9202164692558751
8923943087402986
493359433741971
9810651169321952
2571693412038709
9818203013871148
4942462216911554
6207119689925083
9441005019567122
2928846862108840
1116670029812878
3395965264891083
8668695114644009
7743272492792037
149175271513404
332983506407015
2348286585150862
4710272864461459
5719534340696918
1273653658863923
4485027422169117
7114220117272953
6157562521345153
3410689055390631
6744419640140724
3547103115739625
2764927748400198
5125311587217171
2466820449923247
9838111841170037
1941628340490933
2166360364045769
8581135673934720
8055948294965713
8229118316121607
2464003772082768
9709668048153172
6891534608953878
1390011741759487
9312593350622161
7218363349385636
5930251515268716
98840008043977
2919158934294515
4613074656802492
7204724812157478
544958117597741
8915713837457678
4332928173001205
1704573294588363
1488593406013483
6001180081292068
8323919791025780
6347267712844544
4324606985960664
3383464271976540
6214736045369206
6457060603336921
4441879461159738
1318911731170771
2927788777862774
1100005211296986
7654529007225539
774825156749499
4664309375729683
2323842121239631
8260843253734855
2878062187899957
5306507095832419
5695116709472793
2316999965040074
6700314326480354
5480976119341956
4921287163418729
9987746425433471
6552294763316304
2723243109104610
1883819561246907
5275816783948634
4147136243697572
3850586045140753
1395545102531325
256540669722090
5651327030508042
7981273259673676
4489713851495479
3518684062394822
4769873487829733
7768389944857822
1878586616418912
8998651822637615
4199123096695596
9109896102063234
9648488111944493
1414137990898764
9237030163888518
8576808759716467
1349138013768212
4197525180216136
2734677762084641
5803188169457797
1819710172225549
7191879565861357
1695439233287488
5183727664030962
7143610712691820
3139943153500941
6656084963450239
6496501459245126
5403289781828479
1513337821050121
2326998091497216
8907005182663481
2468237935860750
502136224302929
675572746089475
9050263281168379
3175257943818835
4204506301731008
254980524246922
3757810837669438
1166631150929952
1383108280384044
8603173546388981
4113267531622893
6535694994931559
604491172048809
4425424664227796
1230069940240223
4159719473405071
7178415579149282
892285877312189
9602092861073402
826585491173230
3060346075169659
210163656763732
3352824631024063
2507418666867545
4807789055232722
9254171487372748
7721276734303903
3494679516617829
8684973129700568
8584200715655503
2796112669160863
3250389977366190
9734652150798694
5878383534788049
5647569466352097
242560209705339
8294966333971711
7384601197626220
3162921874139241
3820870932016866
5618957794366400
232006346862354
8057302176978139
6027879409487066
4358072242257495
5940066188804273
9771681364799593
9171678385406236
4429358141562770
9127478190518433
170568858827682
160611157305559
7902783129826482
2325999803542898
889865793233958
6075064600450058
2651794172243162
434537692895847
9954737719854601
5094572667242043
815013166929076
6698817073857366
1814422177315151
4348728052190950
6946303702449680
2940611988187062
1568492603819209
8946747833464487
2574700398953675
5102463266807839
8681668703648272
3788582009328724
1570232696071232
5947374294975938
992503514579136
9793909601015887
6736437394234213
8949672657401981
7969900068871193
2537566742980276
7451180771852083
2510246687259088
1827986048554819
2383856291599509
3032095057141026
4927658277318277
3283223355395835
5328684969513958
2166958789471406
1352954600493093
2977166572040929
836541066461639
448111590239625
3802689004096356
2069657843008895
9630235066544297
1067663704983229
6056073625112365
6457805686955068
6832601081673123
5073960870961917
4907850683747626
6713318751438961
2974977647014210
9516930667422134
3931791221087994
662216791391782
5327927081341183
4824154305775769
6599329148258340
1793762936527531
883315547821986
7030589283542124
599669961957096
2976365073773610
6731362715658637
374266370910347
4940190151702967
9889645318284242
4100363248840145
3588385108523563
7868254617242042
2848255040395479
8516487340789770
7058681186674053
4031292122319879
9089481633398096
8109640246730254
1479740534122404
5904611248636865
2901824399457338
5866004854224199
4555775725253826
7147024448643096
9867042304430042
7917464968319126
3014125324733738
5045698671280973
9051058464446555
4831306433737997
7286878510765574
5752124392501090
521844653629744
2513391008538615
8332431007931482
3276021669196271
7855879903209588
5223351705569431
6563781909199880
4360083080026187
9628665650462022
1853222882146070
6709932548086309
5269934142520119
905450187440037
927389292101587
6224338611727880
3855428604561814
3270290576958367
6974894263185681
8620711956022412
1816978091411350
1296252155100
8154107669283115
3920145436080993
2192412513641169
9593822901976657
2326214439615474
202940304408559
6903686459882708
8619532945543989
2125384574541065
3316873039927594
7418415593423645
6602781007201620
2262666489339343
46990622213865
1476355030493487
8666656226635209
1272365384187878
6454556395127594
105641854302082
3514914806000765
1943832406655675
2759808993458227
7605977514677767
1556695666412942
1801303465653108
3921504506942849
2917843178322845
5298238633133558
1337262971115013
900421084668976
3005229059242511
5348033160964193
2194288598173398
5992780522157872
2006708473795225
1025826600640663
9385999860947710
2158757435554991
8806536297407775
9241172710660662
2003152064618439
8308191992817787
5185475218047748
8106224064852777
9457370054502879
5188259077495561
722031383542473
2006091401696432
6517844894483538
1163605258660680
6384250217670754
3989575618745537
7821356550570819
7419183345010445
3460410886959169
1589504308200777
8386108045359434
5294750330082666
7040093503688567
2447786243694208
4283686558099485
7877257193322015
6873946233711910
5921155488553760
1247906590641044
7543831788042443
3138143364651781
479904548573539
4210338014843609
5466836791152799
2282154241680027
9883606377759685
6527195938067370
7500818431513415
7159441965263399
8779124603919885
8252624225332391
8001527047635532
7486903695151814
8226076153366436
4327167275722374
3715100835191357
646238117733014
7970702443272799
5143613597787650
4899587528915188
6326463728064446
3009421546989904
3339717052049555
2475663210306318
4864982033936713
3609270971283812
2342707158500276
1858914957962222
3656414032671624
7132583480178753
3752601050227938
8102406744444059
1750406730353762
5294545948085609
3695356613908110
6767973222834170
5865242118570922
1116414272866468
1715208963705165
5598896835682807
9915627285120787
6377559802632267
9788512044589951
9354293901387727
1348054985581440
1514866502167724
7429732661968759
426668283807074
1350630886482995
3656131314278520
2310963970130063
4895904164498039
8043751032944442
7576628118599482
5322969188997192
4084371909994595
3482773514438863
449278653518540
7609968224615118
3296421002418021
392632409505292
7234296157159172
6083170946523337
3094861694310517
1914338458718790
2823863372206086
2545727681244485
5512255054459814
6538229786656579
4332358056725828
2039393698380330
1494699668143269
5521423680192906
1977472307777805
2828322193569384
7507178892381449
9959814554735214
2541548238097229
8910497608544341
7099326064650458
6325674435727627
8412914097314094
7366386001333539
2646307232523207
5788662622961180
8498702446267762
9268483811119235
3034504684706501
9109768851058003
2996382997836009
5685117583290949
429703895035774
4150852293890633
8016434660585276
7846782376891418
4522692462920211
2035182116356699
1978587763619838
4499642695069394
4108022172837677
8265567065392227
100631770139376
5525162776109242
9103117754870222
2486462123581377
2512159911692036
6795103141634585
6659084911170253
7493214520897342
6687423692294046
331298220006616
1031087609101306
7958709878833104
1263159596782166
5755108714984098
258772100981435
8814559274681817
2848572030915068
8572457290967134
3199708309203078
1854849551530713
9786447499495731
9703025704302593
7009827611411212
2199987412601997
740364828373131
8840354118893404
6430522257030651
8072956800881079
4872842662078656
1032047794820975
7172181776262938
3801309588619096
2939082780036070
3387634251146937
380433189396663
673063896054120
3200897891038987
125141627735278
2807986234338922
4816007714252130
5992715163248033
2587800774082280
9066004868217705
593535062789103
545257305095748
6362949361673441
1582025149567984
296514018988667
5269104080277183
6564131917246800
5012215876696886
5256254748091737
8663137500941954
1237321864583064
9162081674196367
9918286388137684
811097491319651
8693976474672227
732153961494586
6573403000216823
4230045600667755
7550644350584977
4109218614635300
6303981603653000
331867837010602
8868504385015467
1164251982333040
3638089232227849
7762073419832286
8411190636210766
6490962094143396
7841166515395628
4214869985573613
3257521673947656
3949778430639693
8014907924499954
3198144739458023
5597545426335246
5193926596513595
8905996986554747
7916937041661161
3877796380891073
2356553682952811
5454906328105478
2098861885931409
950906074386955
1689940895073324
1055545702818490
7150415858176915
4578887920537558
2148801023306971
8186161482612912
324144330024142
4163935661509591
1047838275373591
4032250264801070
2257417003077074
8436272241401029
3367200493238877
4580015151744285
8425125454820143
8611288463485615
9478506274773787
8192744119235471
4534509494444
2992921964370625
8839105372950960
5817098931997879
1018331085837728
5219341837046853
8873370056889284
4031700562314894
9835916309976206
3566311229841255
8603751971639890
9154279738096598
9167292713408983
4566601534654579
1888808735597807
7851637279160806
2219414580247987
9263125710035639
3607002279678525
7695052433007588
6635590275652522
1817177386421625
5798258040085724
5912872399451766
6354464106653012
6011512626380761
4937325188932459
7442371652417077
8307625944518644
2019705191816307
6815198422641076
8315899034251209
4620576908874851
174931837164873
7996482840851477
2750388383168420
9871099793701045
8203599437991992
4704318245933720
4583714858757940
3892902004966053
2860532006935585
6589876453295182
630388196706047
9980976021181460
7055324314143401
4630193895494457
8972282018636123
1148250988260577
5214560070057580
8090739653876816
555445376924099
9398506551441977
2655771311356931
7437592657621394
7660591452635121
9479954452792519
5432757672737630
5309142285207066
8824224934930882
2074403824656270
8936894097358555
5697774676912246
4127824956706450
7886221719183874
2361053311592489
5969643600572054
9521221813879421
4314630951936149
7091977088823746
3475187734413546
1274138470589704
9010680087958066
9680057002533082
5363204174549640
3374524003843488
9224154489920891
4065166821446998
9739028072285567
3076285684011650
4566772210424164
9723452327429287
1097830286264224
7998705110410803
4150451988482420
937933630652795
1237051443544899
5905517566036595
4111611464100222
5815891480265307
9054926657347795
9520154528150723
9570207672172753
7882442821844231
1065898309811435
6887705731253268
8131508458839157
7000657098998770
932084663109751
3034832239906369
9999307978283656
8915104696999043
9908248219772627
4748818816251626
5297844689989632
894011072201747
9361110033365938
9792016905470687
430460630567294
9448158103383784
3602299972663425
3940902923880770
1823377248964254
6561466126507904
8925778483838198
4746827605628727
6528120502961581
5533736691443944
8306390121050888
3668575424842012
6246967703500008
7192876965923417
3604749254437981
8100649299127508
2360086880128774
4157807912989581
2559217300698451
3032829010404689
7699141054354556
3311042385971325
2315018728303770
1643583434656707
5483978624313592
8190238494447100
6735258779333586
1156901733322968
4640043242671675
679426362618527
5278138387131210
8492324223667605
5639713369420265
7568630740124522
8220320633340828
193270523562150
8269860127778843
9561784800353627
2436487492949582
663201947879037
7282064418211982
9222288348578661
3749477870467245
2617239698213027
8348949725710760
2329872234254316
346243382938060
3548779855302699
3953075168044518
8232171249690117
1215867253103447
2749033177111519
2736168858263638
416455020455501
3516150298072195
919608511775456
1650083242222399
8751576588792797
2997583571397418
1194707718796650
662735442453549
4806286846198632
8438946004223738
2541759877913943
3169110532808192
8208880287486124
157095075113500
6672681858060871
2048268303471103
395997428457551
3389115137015801
3352962480433395
6496571707395472
2107732229473626
7961639773317553
2454154258082927
6014064208356096
6694282119856356
4846029493099007
3752693746948160
8973411991225170
4222098891456597
2668564361513730
2903045857654365
5703236563976781
5525602731290147
5642494642519526
282605881534456
9133259574966995
9604239943422712
849632282220128
6059184417086143
5019305296198949
8985412736431188
2831717180550065
4177778122776990
7554076870394595
4326310019269137
2810556170318734
1813286894465411
7088738175930433
5154052674761914
3361936573156002
6552941049018973
5436965543679745
659955691335934
9027874118836891
9488693846684330
5833751749397619
2923989919406808
7376595464845352
5806566478104993
2362222621299602
9013777059838632
9120237054226140
8562668357377937
4243650250128228
7340016202448926
7760933718332536
9547473523742496
2378973885467941
6485126678289849
3227056076907529
3381681764915407
5682886041843911
6238624182729152
8172057828516016
9819223779419779
6092587694830046
2105784907613299
7418991368393661
1288423687899420
2666874024740590
4171353502218616
7211888438769191
263974429360983
7917476628019967
7734520113364832
8881041752405445
7309586791460493
4241137393934900
5171961756951443
6752582150154615
9408047402565408
9611296984918278
9259147286170770
5245667545284222
7761062065335337
5601644673793638
3034268040170580
5767240153517950
7422335815749529
3622246545385722
6963836832196445
6067087302325290
8634450244829982
7618066171693290
9708878047294335
8919966039834002
417574635066363
6968274217948210
6483373231902467
7761788165568995
4961587125808080
4079414500263675
6931624260626536
8907384135154059
3055926163689825
4491708809791567
6029824001747691
9784908501846926
5846021838548352
2965301468016666
8567693085349835
4949848948804859
5831797641920756
6649683475521661
9142097137860635
2916275168803145
1616798866819844
2535669215203059
1224100552724924
1119826379024156
4911348310053361
4402332387293552
5063190327202616
3291600796130011
4165314243099168
8423004200525381
3681170120261845
6928606048167143
2690700499323295
4311529481372348
3756649212595426
3878191675936026
5077889657607960
8011268028836985
1582468059776912
1850315416036638
7139714427457826
6254727592124145
245708806400946
7523574234583178
186421684432590
3392985335520782
4557316060064075
2394864249200962
8378054474147860
719010301852248
781881881242433
5788493661695746
5738587574382400
9743369509254308
5148131377946048
7476495133167564
6814959044795843
6669385087472568
3568557100980189
9925769015225080
7118879213859690
7724365406061104
8457057310193031
1222318537947746
9403848376305679
3229412778073597
295664538699713
6628852347131788
4558573132656862
6576465765724640
8557718789177059
3274199436644790
2175204621289850
6394569099896504
1156328275428906
9189975963734771
7413910232284374
3257132586615926
7289294557666919
6415762521563451
5786664009053526
3055541412407071
7657178911864306
7743734091897933
2636676915865213
8913164342890002
1129961798865746
9299210130059761
3877696709999010
7718791525147269
8500379786505716
8695784252618638
7491830907965986
1331547655749795
1747344783805104
751418463354528
2098039204422088
7114671344017180
5018916925148857
731268429598193
514543574055243
1666899397035161
6362326193159114
6390242139384531
7453412038311523
5736755914113000
9052537069354860
7256477689608385
9899386132960071
5579159538586474
1011120455560485
7435604251477159
5275130242782744
8155604262846768
2234552069278288
4141604084476897
6090932149874756
4451917243178136
6158444148337315
5029131426423430
7682379740748856
7711490361356766
7158013119186460
2375835064721105
7237588018539906
1449789355188457
5742598021753815
1966558345288366
2726414705880260
5113805570659262
2375883689356390
5074064905413680
9286640925842971
249810778964898
4752575475427080
1415270444216221
4553857059364143
1167295787726902
6082988072327663
7164893060999177
4002843178296421
8383915315055571
6522377945183858
1780896187831799
7716777653118917
399583571946678
4250840251135419
1030640400859067
5205182231526482
9455621033802353
3457947107513552
9886083552491897
1528067440605312
709552747527494
9753728619315586
5152425098794825
5173156025287693
1043654609115847
4020737171014970
4377535439198728
7828357626707678
7206893094087490
7799555293405896
8711524292664320
4069477378496421
7373571862141546
6282010089558051
3558092181903409
3666166209046128
9583971283509267
8125345545145914
5180610683875563
430297548115615
7365816248085801
6308945663789022
6511545947753124
1013126002137241
4635897695630563
5674147557898162
1469490783777515
457350182198781
3709144435197498
6190582482596041
4193064299607672
154841814360794
5231722726017158
2863395959647375
4317942338542656
8105366503846439
8373832746373609
5108521739198916
7928081036958996
3475694871912028
4328404636988528
6064322530435266
7787289215339579
3327352401952101
3511275150237096
4794633444094648
4370552275123997
3787475255276429
321912442182894
6847323743320879
4834059300653566
9872471578738600
5674782166312590
1043327866818824
377697113177241
9299941842096381
7332287651260943
6213202155794915
5081687437509508
1254654618223844
7950791205682810
2409612025558696
1110202643755880
1497419790455705
4383828956227746
6949605896293988
9430469070635937
6800270313164013
503310532214913
567095575612216
2384404897856261
8605186425062665
9596747467318234
3548432275613047
1989781317465681
3375362479942946
5767824120782701
8740181546028995
1929010285906828
1363557806541081
6189796699076240
6742675657181383
5943531116564612
1930003661039612
9505790355544341
5052529555468375
3238578622583113
5974984055541398
3787374691806401
4011902425593214
35629892477134
1970450065302885
6039812368203953
4026734011332906
517545118080059
1867028520929213
3830400932645603
1161656852725171
1456860073167431
1848014818633648
8166805281700632
6812231430220734
3532361422799878
4988653073506462
2391878483384509
4109700153434028
7155133417087806
5286593540477559
897188465681802
7719962250032253
6412130747712638
187099783621739
2911348329626690
9488801016275856
509275101154804
9985910699098450
5198018897107973
2245538728340399
3022764753671193
2733598872526436
8763313519091748
2551468232882614
8973690250101256
5565486544114012
418590095386072
4429045955672827
4299947007778858
8046364362911411
75429042810336
6994616881718222
3415406922016637
2500790648050096
6414245785763154
83581309240031
7913383551239094
1936141251544816
7598294040600174
3686852617757921
9346982587535084
6412832167289557
7567789835619742
3435928883584945
7084859196089702
8753520492717059
9577335655773723
5426554111936651
4693539806801031
8053079111167560
5912472440482536
4281651842501877
2309068579769803
6268619217373078
8231193906643668
1596861863024246
5921854990252934
1133815582203548
2418630506202226
2512377501952580
293606574406194
1777109426032626
3219716369214525
3964645873579936
8360605144444561
9643224018053896
4628166301947055
2902292010728833
5464232853391558
6180296370358052
4848200204592401
7994015991774983
756409893729991
1302809910632210
2431528972436543
2019819771211667
2511175691694932
449829796296144
1003553285891580
2988958935706273
5442349307874237
5832229964227785
2429299095386628
9146015975585631
3296997098909996
2101761675935412
2247667810603590
7947708403050049
5610302108329695
7679433153634234
5998138726242165
7770160615720571
3593346052183605
8725276753486259
6030620585702232
8393182292326623
7032030120623206
1463522757796509
4860959878496923
9623026611245912
3407778359787878
1758644762503910
9746732022716650
6029590461594197
4268357049296515
3493587198572260
3073851639415280
2348826002323755
7083797811588367
3893478980572669
6279606899578332
3130958684931232
3803457400747200
4476998419615094
7713434067931111
201030094218536
5896138944144635
5723421679431803
6332616688951517
9006461007661828
9607918222083316
65350846560568
2926127567702923
3779446893937140
5874332939281858
7737245613715326
9052830382986702
6735347431844735
7063032260047372
8960362586433419
9201323687986422
6878275935393362
5497699772311072
4580630935834899
8372393485885993
9150577678793326
3351497977148601
590550376061591
8993226057194817
4464963474569141
7651710572845211
4140445744544079
7209247741079488
2564019284076969
4101391800043402
1519478795633458
9503159308197729
8319388552239014
1445463509348494
1612855373256114
9342715587024307
7069375371205237
240834560654067
7419562309776935
1507016420664958
7279100814477984
2255920553387540
2395284133781805
6223088224022224
4333468506558863
3928291352621258
2829272939672041
9860134108675127
3640884997489932
9086920989708848
2412774722891751
6733004081775814
1277321534414148
2503248953719139
7703847876947491
6931687612784699
9428644546543856
8356895230473309
1748887531797268
3178425079272334
630933382785656
7764304883058181
3171819192990276
9506519502531436
9645771684979883
8880162335017644
5296317297777225
107996821490492
8137644407557310
4703595462805309
1565670245509281
4123503616263404
7980193017335781
8438956507584408
9559207169293651
8108993604487538
2480849546660159
309878586069193
7827113308463555
8559295465025187
2504312796255055
462795440796200
8576133815566342
5643570357712061
4191675789080899
6789694076909301
8289380595525791
2280491032272452
2323723331262237
9265865927141990
5505615587083199
3549349494632717
4876042510652983
3071048973620186
9569088920751218
7153453355322492
5791965406977920
9917358955586803
945211328491463
2227623147138184
1265975611191514
7795461939986037
898766286348893
3611236646175160
5535696958359173
1407271436535033
9954354074406173
1407582462626356
7462933893364485
3995984313603341
6231075237877559
4948827164767234
2906815350794038
5021770228851147
5844270868481860
7942969733854349
9960352811713143
9513413375655521
2339369068270673
694330902559042
1579654400673975
3826370817793967
786441363269081
2563191995357426
8879332361982867
6400940247806547
7535815350185115
1759669862528724
8861895253828141
1174158064887477
5799934113230919
4074590769207367
2342345308771117
6212115687343122
7380484198809935
5926291017207312
7442077851673171
1021096028109563
1767105256255977
5042688192099032
9842636869724478
3910887759251661
4993762833824655
5572230046867249
1456706151217149
8092962954493977
3535602912620899
9124633865126972
7404852843245394
1604677259617752
6476117650170201
3556281343342988
9898479365378422
4935350539812317
7749697560629499
9873956890884808
5552882018781553
2755785521079025
7426904604085876
2574061181574982
4267014402947162
728782608308871
2653444581271926
3168054796200065
4525485249287844
509653615910565
5663956461060275
1978018431151398
416054560780273
3836997898560836
9339836432869922
8824799115892246
5873229862993083
1979077103433961
2926283255385755
3808770450982954
5027146228903826
953745647514355
7232458604339842
7824894762729858
4919382156453590
5199344002579409
9436632622524736
3115641922982414
2990159575974908
4884262045915326
2320139638041014
1359717806356426
5764980241142367
9866569214516288
3345884135921492
2467051332205555
6627893720035294
54884788518777
8953045648633332
5624643472323602
6179917507738484
6862549440582233
543624408282770
8733791515961420
8664079768810945
7205249520827675
1263754831927124
2638782044239330
8229683220966135
7071866718185183
5541053036258552
3305810091528824
5758980749246880
3376408536380032
3141833767435546
1198423356980537
9191041958048072
2553873642189412
9803955546078361
9857541590500186
3216415743202552
2061456619257063
2881662353887054
171135843014628
7915096086026513
1141134298177508
1799975887100205
767061342728846
693893467696068
6035201578247012
4717784814659575
9313953390323768
3632052594889717
904318247470107
2678396858764554
6053355269867811
7086660562375168
5535864428775900
4274485755377546
3128241812637435
9529490567664883
4627855446953281
768359131563500
7895273460494157
309806838206664
7169697624291566
435117561523694
7086603257530242
8284803745436231
2272318812219411
9334925519236454
961624782835310
2467546416500435
6471825431622941
8862995981352121
6739501816818222
8894759169583106
5011833549247626
6506984441331005
8938455387446305
103512304824089
6394825215929775
1308374750865437
3909240091937542
3686048813261450
7925828220850349
141661498142361
7371529611664177
1844460361432474
6783489829221482
5059155496132440
7519017595228159
4616799549920874
1315790808808420
2847476399388572
823910488635046
4934974455284890
694453865944321
3380178743284099
3889657891211143
6448458426327856
5743365239372028
5076352557181812
2468842914048517
703041904981531
6470692834931537
3414427772585641
3394047796688075
9829327650779154
1794775466014587
6990704915793886
8140252168062881
4081062352499335
9058902419786145
4041672196335840
6810237901856655
6885574322041284
7409684913274388
9440981663424315
9505282749414261
5820322220993806
4418717377134982
5697653166891200
4433125607123086
9738404822988854
9708506546176428
5565830574500068
6676454369012552
1320322188578968
4603347263286476
1146944138012239
3050117936090152
8517887528953502
9745301454334854
9069766661129881
6257182783191140
5575364891724714
5259457554978990
7775595768151967
1585669514852242
8326053425988991
1982027825142738
6712876444193370
7055784102894309
4513168829594543
3187798590288803
5359682346716214
5987184081790547
4928452946860661
7853105786049154
6968723386793993
8820761260409855
6599644612453333
4439319466229656
7257713470299476
1135522332478267
3259028015617783
266067371121712
8661950749651073
1104936271342222
8785214320792413
4031593431966211
3353668232374489
3968024678664120
5977746951855078
7853653224431584
8292680524043431
7338894143850949
1276301853444060
7282355463342811
3296696673143077
1478616529165028
8996952700322082
1381457424961658
614488748296598
2894435705281601
2511262218289487
2477383261168361
1056814512396984
429611240408543
8647714783496883
7538956226259438
9381236470031509
9979769467752088
8879171632873560
4449883290535785
6940744029571025
9751282600215146
1322009666344125
9827559468859663
7169310940303621
1484981479379582
6371476468254581
5797190306843854
9889208394869438
6112809448649970
808630795227885
4362032760298425
6524108029049842
2682703108728423
6816726320745512
1644459029232244
6950173048074006
9316892784914584
6256297084578862
3968054078648112
8571514371380641
1934468617099474
1645026393144278
6858919903138970
649400651417803
1455004170364900
1521140669739816
5938900064468487
8935073424708070
8662495621426024
8632296281568456
5586094650138821
2719356486027591
8402826460124706
2428995732112059
1841670274820991
2263887840823354
9460517033163453
9156589828878512
716102531497523
2891253929183408
7545235379359619
2478136784869635
5422660425050978
5000000138777600
1077488746144591
7066489740755735
7886553027061264
2848572455250148
7755308227735264
9844994616774021
4087273390126075
7424289434256722
933255192590802
201540128184964
8766923770357474
361361244357104
1264727842032109
7884166618437557
4013264282679883
3604452232935612
6691458682091658
3060883722337428
720892763824025
3501146349288866
8635736538397978
1642966168600692
6343953471058029
2632019641638230
925400449329142
3007444215956478
1464328483458763
1913650766430847
7242003655775515
4680539947415317
6594557597915432
2970474856185729
6178899294527043
6553045077957093
13810305537351
909141737783229
4956379952710892
5326715331854441
320309153630005
2065305424078509
9828494581082765
6801095624464133
6635382335032445
4779418310251596
8875848341779444
2010644156001290
2176649112338732
289890346840005
6974095340772200
8134291317109028
499952700606032
4396130015340516
6246130206639557
9588773307524323
5147447601943475
5744996908971098
423880922623204
1744140846327067
454217773102043
4634601132375848
7778054962941170
4504907427125244
5344892146882318
9292207332703519
5207509935062036
4996142413228035
60822189983484
8297934878012075
940132760345013
2304079157430969
8022564109588478
8973088646853422
9649389797190702
4836423664816311
9163966736827727
4123476490655589
1030459165910974
2341680691674278
8595706282203098
828939172144045
4575748173201305
9026141714059079
1434911980111143
3764099322557079
5461089351468469
2308643547752742
5604570516144160
9819214621556224
3968936515459838
3313949427798075
4573087503049435
1371977690768138
8758785692742417
7755030704289793
6035865303996670
8513102216569217
7818950601005901
8206828556979007
3507979952752922
4110756587156058
2061181453417628
1593012601533084
5110916997913693
7231992637058512
4145979841538631
1443940473405863
664624629267721
425463665603384
5591991819193856
687951400218522
9047204782067478
656406347248377
12227466375536
3809367121803982
9791150766150009
1999384249361392
7106511962943860
30292636685282
8171100706869989
8896588418784470
6215655773123613
8586134132680413
235668077736553
2114068491772295
2155650920529325
8301792602679011
5558621244160094
8768533368890230
3774209158577425
2303315058306961
3039358218466187
2050210670122867
1301059689090538
5549366395043532
8419715872642528
1448056816585276
2675781910884917
6812630754720529
1782300747246189
1641513249182463
7018695841365425
2161783649282698
8494580461233714
6312217155830730
2434107295748339
5203258260296742
9484764383043997
4221847807228055
5095920070136373
4499323848347993
4050350830683635
8351870314425310
5818087135466878
9569645310846866
7451649472339555
6499642766186281
4586342380668949
4245370137470699
6496464278260984
7932237739845286
8481650245337346
4681914578772690
2101888486014937
4712221449144635
9693913403669292
7241588058184157
3358249938095533
6970551205969388
5782626014654845
388885993058914
8310484565024578
5861435715579982
5866816887514069
9529122989335891
7998438414869722
5590882706461281
6637936523103410
6617897248014927
4050996012023145
9324338550912082
836300201385100
4570232837148764
3109095081640479
7994163275920828
3517534957479418
6718239662288376
1059791968544829
6795423940837772
8624019782651347
1044037293230836
2722536095456526
9989352186532263
870499289577500
5414141485533047
9668892068219079
3663237459615250
6697651965003851
5588594535820618
5210799431259136
61552470723362
8755549138213524
3046461911637670
6215807384629756
1471854081435808
4595837401862292
818796186666724
2056701922682155
4067320758248760
9141704587953764
8887759482621416
6756021200928839
7165765428286642
9717768434939447
971686510451957
1184812693895948
5910197724828657
8184142443345771
5553498825108614
4461570126056923
8406646131640509
9924999261169164
69982731422505
1341963346166064
9062032151534322
5185984613988026
2800398984970273
5446830028704743
5251201048628501
9541721552455680
9253048711383710
2078818390776775
110626792557558
949780974787223
2199246572555499
2395962860573666
6404168101624033
566241811611972
4058150685184740
254552948915318
4237903859754519
6999504547885558
8677952342527071
5340603148911339
2625683934117372
333103585776337
9177136011739529
9425204640515495
654090021308480
763856572141164
9443529853367131
8455629726699403
6548012332485498
6060827608951339
9176925316903511
7448430820639708
4628790299785667
4761284517800099
7092128508950793
1947924592330938
8220041239127695
5257449246689205
4130578656863297
5588188581134712
7308417564181087
1803992804604658
9670308964113012
9829697234717878
2788354082972060
7480440851231349
6066927284762943
5765139583391519
5184343593310794
7177019710094826
1238625240612604
9520379320404195
1892974811676767
5599555528328599
9401049508980800
3689945056088311
3397290371660740
299153726588460
6742907180800542
1827969043534085
3568018032257201
3113037257505922
3571812682620384
5368981616348828
5112884494525562
1552920854336988
2069460135375367
6376349497210805
3315376235841113
1786080350755528
8135219809825795
5267969423953676
6339390979226899
6205811262492014
6115836224844509
5054545098743550
4550597278841806
7580251302397907
7568455878022492
2721571684121249
5738795650117515
7507546647476608
7853241682142087
6052905663609465
5065976580967096
2754351017014058
9736742127139178
7611565091984369
9325583924477097
5409278249068382
106964823720539
4923161996278646
1621612708565501
9926699281519030
7666124269091443
2978827874913943
2886397459437360
1227952136734321
4782003291243907
8590401351279429
1479185800777866
5424359084946215
747880155066691
5122295961906517
9565476734030936
4080617587974131
7134667083707113
205552798896681
9204836958269765
2897197050878167
990542106566326
3084625816792431
2910949466217052
1714124649927682
9078352320808135
357073402334743
8561575776732035
7278248223364972
2700402309940736
3217054985613130
98043613363185
6301946946099530
6599517761281012
3683545673939107
3775440457716535
6081477802916211
5314984373859599
5145882412801966
2568681190336156
3446332071195748
6453051431923067
2742025164733132
6080193863051403
7141644301856969
9650407552197603
6184646628310640
6731198266059614
2793237915283685
8068588088753621
4507488604511670
6995493207073550
6068523231764519
8879038585500638
3884643751792123
860713232988953
7182235477703085
5767105321383131
3767910979349566
9141688922772740
8244174248631616
7486871825797776
2337214298410563
3346142180469588
3849832876568769
9631209615418007
4643722853458691
4574084135307263
4199195387307930
7286381340878190
5587298268852792
8537123169835860
2769614215394737
8506799713538868
7365953970024231
604307799675346
2318906396493984
7713446443506990
5775605250883589
211200059037257
577808777886155
8109157110134222
4309312763975616
6008768044996264
9254189548353859
9078802743693639
7277961150520907
540307740837073
1159065114310386
6801431376102163
3448759775339391
5387481049147941
8427932603388592
1946100548381724
2072197367634875
857237467111021
5627790719890102
4569855964668045
8171490158327534
9348037967608996
304948587407422
4437650374007961
255171769981188
4949345448657466
495987552660087
534159796929242
8018716642945778
9427645585583508
5510445952771867
1619752060294585
9064703300490455
9204148293084000
514551975316345
9025473173179767
8201728970582629
8841726662431089
3246838672741246
3812873407826834
2085955932991222
7670562375521622
7897781144947179
9761272895525483
6190214857746891
5983652350803231
2461694317044994
1407543599643743
1470916823836920
1330358853595899
4558837050559734
7612483286993352
5092895896561847
9486278723487129
3211043417969349
6386451134849183
9088944078453265
6824295693205621
5425867819775698
3288343599563355
5812601242751647
5129439698503537
3915394019329884
3618701178444743
733050187753259
1990785443882619
211562976050227
6620095397449737
4810392304620070
9327312092356169
8310864176155723
2712119378743854
7839846952308324
2221199176370135
2211880028243566
1845812559408766
6609762434479283
183315006540339
4035599894047345
9314691998418960
4748056206137097
2210312512521851
5571238411860468
4214841765467543
752274367611594
1288746521305190
9770612741347300
7671993183073497
6551416574760321
693491125893548
8552754120276558
5853549992659718
7243653122824113
3617530742787173
5743578096871592
3674983282343452
8554341469444163
7223812048380432
5975111114309060
8646790491351297
7073723611769664
1432648161616723
8287222045777129
4335176511750696
8931441044928660
815640448245454
8145206129531478
2085445714398825
7233818794471528
8315833181157486
3590097899758
6616816971579440
792826126481557
5329404606904981
658681164267277
5756765750163113
6049252802266110
1367992725479637
6255506176494256
5892435526101053
7909217341540449
6461563686200344
4410994629425937
1558408625048285
3628074192542533
4825849258038312
2827793749411484
8665664964274063
9020672012073925
1064948295504974
5354313205975125
4673405499225252
6574333020453539
6866669177614292
2750983096399212
1464487109931176
7092273691594145
7614480431880859
3500127484916856
2512931059958603
4623068828787700
7225162889594628
2575074332492604
4417460320662576
8950536463111407
5543233697060730
5839357173868100
3985071713952732
4898429718261106
4008135984787980
4346731294515548
6725708294489835
7057350761955312
4688460964178249
6318801308675079
1673159875438908
5061740736472484
1613233930911575
7080003180293974
3375785417130904
8640175309909974
9376347711282974
4797026744608884
9868207031864272
6337448199231424
8958368310212236
6548144885247926
5405656007732039
7200141047566108
4099439618285553
9992157577997259
6025054067358627
7486213112675733
5472388390613985
231187241422515
251011113582732
7847645932997230
3874617010016467
508278017972697
6365877757321369
6122833130530498
7778483544852841
1140288305251999
5399207639664558
5072464613421265
2085215856659167
6639695576641237
632279824361535
9300575404818475
1393187336377913
3849023537548426
270682610430153
2388414974855038
3131597046421067
7258641586204231
8416670875113065
8442141251368884
5797179672539236
1498584765151068
4837698843377985
9859562473947662
4369171698468975
8176152284030261
6478519202351465
4085551833922578
2441592148519215
5931995971778490
9716224643643183
8962845442912191
1122475097034086
5693130904344060
4767698327953877
4639398459760201
7945501813138390
5732881705842246
479934984697062
1232784975633322
8315064816803315
187243225370106
7427355536907761
5882717048481439
2684145859093219
3564749291558571
7575631867318486
8114928210843315
3923829227098770
78722019514039
6884397621692941
6011525438878305
1115800198473866
707488494081618
5512644223862606
6849185275645458
5623125618256277
8694831644708570
4751867767929418
9307033904465292
2155746555894049
6228073163903827
6989670829330098
5384871919652620
2621621832486997
3014974791003553
7802920215769241
7500546259467090
9993184494432692
8783152474872891
4975393323361134
7902959169783685
4984566979595360
1601488792335929
8820699221378494
5355396134234384
7437369153654738
979167180623831
9822093071074001
1664702281662927
838469726415677
6780947899051250
7762742035756795
971154852760974
8107968343131641
7593040304177027
8486960837027278
232929053620968
1713821183485190
7306624584855992
9977837517920236
4095781047436342
1885564714702188
9445202329674060
3575803470717564
1994963806907276
966622181692798
5167003477881500
8752769844537984
2695403450746782
383192486123042
3029517478240883
5813380946038136
5295677624417572
7741519163887108
7383585166799643
7553961130719428
8070084696282784
5027934204253678
2458655308306640
7393461843982652
303072273157513
6650218243785672
204064867055361
4014325473470287
9565276843264026
6278781570098218
6148942506618622
8424433549192429
9867582321863084
9313129511930367
8696676842319626
7854998063287794
4609254975179587
38667283781946
399133701770317
9394985229709499
9168540830041544
8757625431289185
1069072177315169
1134971570298260
8449549286891305
7017881911376629
1740949785331827
856329882268580
7840910988912684
7291374625599786
8211439460554413
2556245570924930
2102059898776534
3301589633459086
5022439345420361
2965255639886734
1786110194758576
7545778237873551
7922580604445835
3158963759865625
2382344263703325
8806638447388177
730659467599520
149616407002324
873762908632566
9447827391893877
8455333946896808
4303747720701392
7025621523260138
262984997699351
6730296400424295
3186831923702394
7727295798824085
552642123928112
9506705687968628
6493858181060858
559436456907340
3034623376296604
4004610131471106
2306551410684033
9579332709262076
35667415609749
6150110251882323
157532750768479
7331941251371936
9053719335985930
9325591936829845
1609605941215303
9654113495647071
9836505096314062
714541140381154
8735502480364647
7657837147788684
6776230609665517
1280962728668499
8837191975498576
9381822127530629
2300932518327832
9576606540341506
7664516451426502
3376846154464289
368388667748863
7198954639254676
8784744861904419
5404690456816208
1449881068707853
5044430648379556
9687454949674520
2366378312068312
6327613802572621
5263051750024702
5356092007447002
7666948790836703
2038642651740019
5168088291859210
6597485510410998
4124989978015860
5560483602464764
4998795463201672
4924106582913533
3543465181291271
3163428178181034
1055811237055353
5099569891381935
5631247807536895
6017177853486501
1442085015011228
7822728290600596
382269151531941
3754542399975471
864026417508707
4650511517790356
3797819480390097
420230351769428
6850985454125705
9813080726066961
2452594650849211
6941386481381922
6538178412664968
3580564660286426
6529161774590281
8856765860756292
337606991171679
4161814764668945
4649610919688345
5559623105828893
3273973381043217
8572250442797338
5667577904207943
4114971179028689
6564657743230877
1573637885570584
5346129441101720
218814449730557
3678006781467342
2951417532200829
8607770977106027
9940074174872087
932607438435215
7717878382459913
2026419022491402
1065093047344728
1542465940203242
4088014270175390
9540540637596415
8325817588676971
8603418103918051
9314601006149964
7328100782847368
2652973094890115
2970187765097357
4059596431590269
9142877685715334
9257308788715036
7470939759255652
6829761781500712
6641426433537968
3849729212033058
9047330089029935
1045583156399679
671380698440595
6142746254100922
3024816382192001
1038342547496991
3403302898063530
4453949321766695
7078033559375784
1967042769445359
2237325760216232
5525405863737696
7451037698822858
6486636597775276
8586485725623693
9564468605061720
5470151808843681
2005810024633561
4350455496072089
2613751484120950
9953028170896470
8924506118389601
8124004318818145
3123292680595340
120802893913467
1994610408837059
4884762766557940
5436981682651864
1200392315381080
1391247404736761
112261987667231
4614285402810508
3627300420133353
859895368221770
9686184379521210
4999922200491668
2107657080925879
2879793244701857
2148505166677939
9222203485220332
3569182147071033
3583985120157701
2928952369426910
6692766010326816
6314435381139090
4870749270104100
2730646676005457
2881683455326467
7203625599693519
4843627760587362
7495519326316107
2845828890187353
8186695144294778
2164557917123570
4067652930775522
1232298245342935
5643144166109846
926783004476050
6218660663977123
6399051377662699
7812379337105
6088586522285339
4599396606084324
2817734052184531
9875049114073605
4805498643693050
1359382017037780
5028932804675390
2467984739355644
1009971911809800
9970047105052301
3304836099157823
2385268310000610
9173666307496142
9696526645942483
4594291712731178
857267816152327
5908539005269364
892294107297354
2236011630829281
6059860512684097
609474752565441
9411786501084234
6696485473738449
6759685306831179
6633844873165618
3850133910771739
7288320393637838
8546259897491127
4922001411201637
2919038311524510
6032545476911453
2050065281302720
1952446376577522
3229121078034126
392197028975237
6562146479755797
3128148241984209
9821508949883562
1261118039391038
3283261094968437
5245943624932552
6745396665586853
1564061846676223
8220529446017610
4464699385995128
3097404502788083
6472612623029395
8820238441421320
5975642622872244
1483242157440690
8753883741180832
9491948801113627
5620595599849578
7355266764493481
303444930276680
741266358408403
7198568706859819
9053610886103195
7598434431582350
2368958829658404
5366233122764038
3409277542401193
5082339588599073
9413423159165606
8455657359764675
7453312253762875
9791844672686374
5045360634679320
7399210379208473
6760734522444367
6314962118124915
1356856310425701
3097070641674010
3061011618927920
2178669008460707
5559801156005210
4538606805670738
5319699241939418
5287988267808313
5747438876539672
1959250898982286
1832388833938432
903014254282825
8715549880033799
7492239628111010
135052088144738
225064833424878
1864365608119574
3576734455428057
9997960561208822
4757763415654408
1539613452332872
4778788737545577
4207536321128013
3881756509499768
757379763102996
7529073442588862
8062559847739187
8937675106750958
894970266571427
1523422814078055
9277565390956077
9312728650112579
6496651565064179
2827649881762859
5669406638822109
830056508771913
9944986195262022
2595639149700689
8908633285520657
7817768472076857
9240687095978102
9747839057106674
7078629180479729
446620124293028
691311424073413
8832335547255614
300198711217451
7605873146795959
8465968045419789
9047379044312183
5073778916696422
2440278765283341
5402953731430706
8020613108976
3900480541194844
523889818235070
7104436811820158
7014344497023116
5088066946558758
7877715335291740
1721488607866480
3633897597615672
4995180738440796
4469369295441516
7627857273046584
7092028674028043
4292584847155846
8889456836202075
5345500344518981
5825794881222897
4516894625859787
5799264528740870
3715980505290247
4034764102913574
2739671111816509
7161966034613328
8668324619864866
6731379408341200
4870071092428231
7067713080675739
8016502321421680
6436385301921078
4242555216264340
1580135368940023
4222959727602250
8096519706880955
6018412034683029
6756111139945738
4373370293558762
7742424317217794
5281879628633368
1550850598114676
5748295197954535
178909468820116
4778656252565085
3933863744272111
9315012516175497
1168149844670318
9001473996907968
9716195685639673
3886258925934216
3000955438091322
2039470082162714
9334312396528142
8618250690366750
1953946207133939
9799890260132238
5249554392164519
2264469822911456
9421409901897461
5767659380475081
5301211246315245
393992066652987
5162302400195208
3110071987408025
2410427865151677
9835879677463274
5504262080374247
1613379157237250
9265922091369170
8569585776513218
4323336872599565
7060480240654506
1358466569800287
307357994052671
3121006746858401
2137638436072231
8521340283101580
1724255350753366
2852524125133166
572200256004225
6465461957419082
9803855637509411
7484353632343979
2729699429347898
1995469536739088
5625328806002608
6595796438903925
9733382289807066
1646464274522963
6835670116991168
9637360927282786
3656216104265693
39268789227034
5647746894974681
5529578169940681
3795898206758968
139261843424249
792051491418960
7207777889641023
612822137815072
7087351601109523
6880435097112942
7369978994174185
7926904181371475
5491405327827402
8040022955993126
1051124496820401
7527851448245761
3864654052217853
5729093989816612
4797922984975143
6175979628057906
8676423474449649
7192906411711399
3261381257762812
3646346338783844
3470498272634426
1962100406768531
7648740575043845
3491767455438962
2682978555419570
6314735344234961
3696611918535546
7011983217999115
2281791657699462
182386359741962
9852616217558156
7204496016990264
1674329751547711
1720387931176627
7623996161343577
1858095872602011
1244465410848069
8472430923825016
8368086434180368
75148707700373
5089670366630402
4724596686253272
7349531796276870
2091247003299049
5956989356548104
5577164018887522
8516236302623025
4947117409100402
7167201911235072
1091599971567828
568030311823942
5752421599387442
500313437988397
2252823303795617
6128266249154662
8033852043721719
9002190079086864
7650917464478918
1686821635616870
6862149766575512
7454093906039378
3759323714759843
7887310995934796
1822163601672491
4740348625894880
559636908487867
4806674034311623
400767899816307
323395647759424
7405149291618141
