78 69 78 
4211 
2126335695162311
390083058698680
9447147246992445
5689652115159285
8342116147779488
7792543139541058
7829014821711448
7632461610559820
2126984249084342
2942875839641148
8332255919744029
8594107122990272
6301248089663901
2661492812610787
4887486641720366
1739197595316798
1617855628948993
8830364238769304
3902379950047044
2269993686749506
6522750540728959
4998740159230321
6048371303689347
8226947392264550
5580232930985201
8576662924292003
7452186971549875
9135057223555330
1381739938773353
9428031049297770
8016551788248614
2347570390348012
1697288550361825
7147817768761263
3634496658643414
2600458691420810
3434340753928315
6952501160105072
3164873391136736
7191896556683020
4164394123695396
100365000477306
2176080676556299
2225519031281907
7302316780031847
7223281995826366
6934663196788765
3989674061557122
3252228879425091
6336088407629255
1491193228682574
771707633668575
3501901122282433
6622044451684226
5645263612151993
8952467442935932
1795620642143461
7338653440195874
4727117777640083
4716133707179203
3895340604287928
6261441769532248
801647460107758
7477846545650333
4632568857426857
9317777180424598
8192949183206225
3033599195462077
4402200409139326
4751625377610541
9321920625728242
5947754402868784
7400586080899914
2253141391837914
7777939797201258
4721340676968099
677142960356008
3735365643568245
6319127080224699
5334777530774320
2387474180898862
3434487324063797
8954915641679994
1179178892089115
7842551427459107
4888153207645087
3710342567030787
8505183523464104
6380137892252471
292389234212477
7034247179011051
1055877518092160
7548511879263765
3704133013776027
4537028231712162
1953291409937560
3912597945335008
7643841999897510
2357712215346357
8718607921140858
434683565097517
4446245773084500
1426979596056382
8213694842495446
6830630332239876
8336682336875245
1561172504781900
6556761820946552
347220440822816
6984509057606054
9210384017986074
2043718279735117
6533924502618911
1630116025897088
834777064190568
2067485275494043
6335254955420543
9201174827136394
2945413237198773
9169351762330130
5349256993059412
7074030814151872
5457326029668639
4760397989825766
2474884867764839
1748888643331480
6060701621393748
5612751937256835
2888187163830753
3604161544892031
7585668228639805
7903476916694591
9893581387055256
1520572830603625
9035211322764504
4466103090094908
9225883320306476
957783896351172
3755482398221521
3935389996197144
7250938872949912
9309497114358058
6916396361042905
544948846107010
3973233047233895
6376384948845825
5973507666092363
6755019229460568
4635546204892067
7861392706299856
1480216286288561
8722659873345223
6900079083622334
7223627997390435
4315586915262538
2636772585598539
9920021551804955
9241985923929090
8272983955264401
9209841942920888
2238848310547082
3975116058602287
7592738184482352
4326095686046982
7863751369394608
657625420240442
2246643473757457
8874096075084906
2967730302169602
7159333951429001
7456993386624207
941079251979689
7953273620867946
3625469214743291
473142442184849
1726010804018988
8910574665817625
5668205553882503
6765071136822571
5277784836286062
813442507627250
2936998663501594
9585398261169533
4443908301516040
632102711046255
2990112457296301
9281765672099890
9414520574073235
1836190633681561
7053016940735435
8626142098397870
4452171220462613
5826928806554947
9506832879542920
9975852664609827
1415932519144333
572410586612563
4700375047880986
7815127308945330
8464874695601285
3935497577798976
6115678690276556
9334146856267087
5263461053758470
1997277971202605
8745770410352871
546214100788204
2034002032576909
7362062822323316
2928680641169161
4031560622372072
9981088545443860
528660299920424
5408363502691950
1068818256299610
3392022043282702
9089632446657711
7322816193630203
4692274996883845
7021399067866248
4853575211174142
3807051895494201
464367258941385
7943765019537020
1061861187098851
7049334151746291
302439577770569
495556302429477
3124774476107678
454019482262119
3834242351148704
3991516010200182
3936167636454935
748324314479086
1253006919681791
7029324594101467
7551216695057454
1106590206425982
4119672660664105
4344002587022885
7816838531441487
2176641089542899
6986672602853448
6458994262215259
3985888513754893
2318580022202405
4809645936438699
6517165216133947
6402844731620986
3897948492778023
85231494323543
6054655928067560
5633867817043594
1952087065707272
7888404334657546
8847660946385452
3617583013036725
4599951750877600
5387197908858559
2190697739223801
8896442336778624
9175892303493550
4749339886809921
454715774221705
9549034495796113
9953210395847011
5264207150693427
199589542939387
2441248398275837
209134105857947
5605496844230302
3034821713538806
7893557698688242
9198579164731111
1464278784676168
4937349109574338
4502267039600114
2006236445707873
1974063853766540
4018993486785252
6662980174401301
5004761179343210
733547882860364
9394162213785515
1710184762902571
3121433116473141
9781197389593341
3776628844255335
3512010398843361
4558383169590478
9036895760042549
3683170690273749
2916213884244170
9652774512936259
1715892187731282
3641890038022131
8667047725868305
430912076796337
9740651802567705
7322887650099096
9270324320393346
7444472231280393
2629317402932728
8982586456552842
6105266381198157
7530689226101619
7565455790212931
9906307604545245
4294736374732424
9081462065101879
8100559739135130
8319251870267942
6177788695418463
1793624342356208
6815653317165791
8381904328677081
1196357503610362
601545594749736
4815949853783861
5582230154881836
8388792631291398
6733400758836854
1618932082098082
9764760078704798
3715784433543558
9022016217639789
5495616926879424
2351034384535089
6680647822569580
5588213905220337
212695082826124
6086654852119901
7730846508251423
3523619731895802
39311836311972
4649714080702970
6782418229449321
6306058026889771
8993093357260416
4748439355103862
4143949449047662
2099908749774197
1028724529210355
3046975161465171
3001431586505023
750386471997245
6809690441055195
2430005297275781
4383096656026491
2157096103921358
1517834702397316
3192329543547984
9471146297035774
9179676203344169
7234273235139301
3853314466706227
1170943354462175
1168956546818860
6422148299005424
8409070787131936
5773274284490508
8266433240506351
9466674428871870
332462985637724
6307863694685404
6701878333778465
946077824346290
9511543428315518
7529667759457268
2738770440552327
1174065700131258
8348217166450471
495900645389262
6769508635782631
4815635543748519
6145342159115532
8332830677206605
4979646817772668
5256539119438364
7527101885304178
339740482764317
7453033187388563
1818668070317907
2384016313507708
2932757934948097
8699247473502352
7005609685850212
8714940164598287
4213962073026369
9726008128794000
5298768199087856
5383111358675726
9378050607230920
8345841495257520
1707385909018300
2442692417918390
4485271205388806
4935683480805113
4910613148023020
8591512836721950
7699394452960090
7723716966556342
8410310138450509
5854122632691916
7066817635164875
5286357144124617
1332277253857775
8335610023689896
355684568851050
5387127641608280
7220179951194194
5805294677511770
4121679774558945
3295313877130893
9845552504068617
4931604308386492
6841091781659014
5587602540180358
916618406491240
4107167553527715
2828640345417958
3317918410308399
8022190776995511
741688102352483
3919566764030334
2595682260544813
1484552720735247
720184575413406
6360927246449037
6593121143010277
7215973007029578
6592760804565054
8816832336641227
3051509320443256
1124050978586188
3424104949018858
6475389876127170
8874471104343936
567044943136122
9489838184185274
1817001420176782
2512499505475210
9497921354279707
8907971699052028
6731980825601971
7719653473110635
8391821052197539
7248371044153440
2613388159090972
30329628463071
4312416976885555
4153151837460271
7719779685206307
5140451545795126
429554811911078
55015807503110
7820238383165174
7035694223765929
1644362573695831
6402476939909772
3115989306173954
2577088169067595
9709183553686182
2857930972869696
6632499276443797
1132356612191357
3499835529221993
4444000505150128
6233515975355395
1385632158398351
1027985449850662
7311698253590254
9243356198429417
3304555026064672
880969172229820
7558276959005485
871941908965763
2739980410117641
5036010037900284
6875485106193577
7724226768463686
6242348744373659
4266781878804006
689623504568293
2391980494055965
7348531330297990
3804502281995807
6892169311582910
9874852718356751
5650489902757773
4309405434724663
2803468882470102
8129798343158612
7745581853913032
5947567785348401
9738689820742611
4497812861401372
8245846878253813
3043198736640116
777387579122266
785212672020691
6100734725980417
9900244415201486
3312386551010534
1689603839685932
5217002295335369
3563758978769030
5904533207150894
8866083505563529
86949711781317
3415497057068347
7033339295769210
1837303090707279
423836039739962
7697815919529097
8039301327333490
4168674923518826
4982774164658196
8993908632630123
9543796635328762
3975890599402577
3463990577801918
2969531436219561
8367774652951496
5720893342961632
5594835073831925
8230538145512433
8930928227879254
2915892176171086
6434806114141265
9874928128255084
9738354667908632
8970806234788886
1148755841764598
4615462839508995
356102072604287
9420289803731336
8461294213708841
2005304985731261
8670570763516048
6375537939463643
72182957634422
676818043052308
90089999963097
4113900657774572
3698836507651644
923441017470678
5299196902271264
4286348854535785
9971191241260996
7926558828455966
1617064206406835
919471508026522
5874877246176101
413441307968512
4037912497680934
9003705494650610
9285130695528165
7420443548204686
1324840609160203
4617835954072695
2673292259092580
1662088068395784
2162535398851158
9392432039334058
7412768102927082
296573435678586
6853361361596906
3761665982884311
1667080063058492
2535305804975128
3955386872810574
6134166482842042
4258243649405845
3146364755211952
1098764860394340
5293679648979678
4600903221042911
7563069429067720
5671652047375306
1790399497854751
7644539025451882
1030770284217093
3798888288256175
5214634240029465
9996650284675689
6450814375911297
7194459714783560
4507410931971158
7770831402145381
6568134131321466
7872745062757267
3645638009017351
4462169935914983
8888886879882167
6766650125776662
169747299413489
1652608462806858
2170277828066625
3241992896239719
8479095065881277
9010862528119241
8167013568110688
3313892275653785
2443077041942596
3251487149133082
8345467947449590
2720690885356696
7851450217323752
1666966491948534
2713921718464226
9403992493901183
302163095019449
1709246542752619
5649051083235927
5885573363987505
5491090112677086
6702841690785526
261344898072244
4014182885699539
2791006901404475
7516556167944500
4871595271786437
2410723584595121
2715555919125006
8547749059379084
6240570284845284
7000637491943456
2845061144732976
3933174298164397
9143874810413584
567537774900848
5532027723919196
284504870593644
280198899628399
7681754211724275
6804460390587097
3831635676707321
639797863372513
9669917485464295
4372275798163056
2035754365844579
6762234341859864
7590464412675238
2405217759934597
6250509069199999
3261476796187080
1601876540766921
8783624669129071
7332112919584099
7132588647380815
1391570800750838
8824556291456117
6749429063163225
5680318834696834
4098842950257253
391462827663073
8258232679730942
3473547158223213
3955215978324252
7053401388112060
9143673278231888
5338751454565777
9188129564181936
6976525851294079
1624016008759860
4924950077332969
2951052238829453
1779588980517693
8321672767529982
5533830323622510
2727480679581398
1005977810797671
8022936143868738
6470183629912035
9544489514203222
4963978817086737
7671558656093807
2371943789230934
6460744758578639
4709974923393684
5048025001830644
262844431674321
1467003041295509
476994393513943
193132265389289
4378753125897510
9382021804956730
8702796933329579
2951471328646698
9296427552490086
6733719370755263
9706664149874020
9570447446079279
5201294782839970
7710196628787509
2921956461204666
1120147922820185
7317066815966156
4369387837192526
7675458674405619
8058498323653869
5239935895545529
528416197301667
4332982792382059
2500622640319956
1101668020338896
386910491816278
3079202920367638
7517189694628901
5911352439196998
2220756695008921
5942995867050763
261865464425910
3969285211105115
9150496294337578
6862178316259974
134515164893630
9910458764458112
1436066040699924
9649977114308244
3544750902468341
5369710772631405
7946275865781455
2921935465400310
5281736645958930
5130411945943392
9742100198169683
4381492209156744
2509279871726885
6818305355638728
1966775202104958
5688215060718510
3004272716135199
9609106920523029
9176531588895298
1986670060038131
9906193616509909
401425364896427
170342041231933
2631987984410465
4155912321611273
3994738616854979
1634501824620043
1217500950162963
5818231065202538
833625003489278
1858355509385562
157787490104402
4525123131043709
5987437571577204
191295890271204
5225446694034750
1173411383624202
2917417913321318
3248978432901992
3039371440523561
7153151509104977
7493843612418435
16610239145271
1961274935083761
8766908056724604
4252222337599344
865910722801882
5099713793571137
8265254655872995
2694184898706960
8794350991264430
1949921289801073
17871311942022
146829766215545
8528699883211415
9028183508401280
4725059237927997
4309789992642296
8244378424850011
3703808474223661
6982037063956876
7603409333760466
4116142973902777
6389328322671132
1679868878816145
1872796974879422
2733959874604814
8460615668256387
4898523851704216
7510131200748060
3758822141111641
6801947934559159
2917589281487765
5724549881403445
5203645158971999
5179583984773274
7113615933610875
1016704904939768
4070781491313035
479872916002765
6088469055709397
2604335993977170
1771953807288444
9436046909300917
9720867320367130
5944908246759469
22037942584718
4336482315683779
5883052074177656
8231178562155450
8394229885496730
6843133652014307
7678568901996583
5889321658998841
3553764523298625
8073788290537159
4098946038583010
6399300831746452
5242965850673204
1390016326135051
1738484715169419
2952096279420710
5805920094819612
3282452296155162
7400727679714430
7482631831486229
6336196599484713
7379592483900038
1265830281761601
9033250286116767
1389851049265965
3814203120600034
3513421576143953
2755284464206411
6337381973091122
3095618838052052
2453503000090089
5903198058953319
9756764407211570
5179795063122325
8627145731134762
8984072130831193
4802277352577748
4250966519118196
8654158593493572
6369252028254887
6939798842320313
7529763752737437
8472114535347328
6601249841833399
8395127413450055
9472259137789581
1063303578882746
9652890481035098
2943723727400702
6292147722313449
9552332719160448
5281547618130894
3465753236675003
220632047217213
834956191097911
1869951403428994
3149183883255987
3141316312277237
5234120939157161
7149126591602730
5671541802605581
886271950117576
118162041606214
2186262567638946
7411124786553530
8086594767778076
7282517530100422
1714951885701695
2166857061275339
9367303481452262
993059324729351
6544005001189965
5935700760357398
4229145654441145
9011780045349454
7404418608606967
7312908027780662
3632397946915340
2100219945611207
7944269293995180
1500515782818296
7356778129232517
2446493052831420
2215172599240785
9163570394973972
65393298357921
7641305450347440
5136181993239349
2521488271765234
7623944371760639
4444134249244923
308804706370488
5093035031049667
4673953522272979
8757531931694999
5103273141423425
6110740589986868
1690347401030517
4491183387205046
3096823317415822
3524520782108614
5560295707866877
3678619018032831
3993547201112497
8665523176873722
2953012340772792
9449434611678729
3197685019263697
8605228755278162
4615821729868296
6443513699036795
9439904442270985
9843133204516408
2666197318514736
6279138158718962
8564843014542300
6550769067062592
5752032000412748
1266206402564229
6914946512137397
481069983291145
3542946989519249
3950908999173670
9393423793392403
7764139846647669
6317560164435506
9019528352746948
1944111196907018
5998132545289011
715598256208789
5856864307109740
9344530576533340
7214784906326660
1291100188575033
2823281922098698
3864410511083600
275838894961807
1082807590249159
9101813439883121
4258309903375450
8966233755114535
1125795717561355
1330131272812294
303719426447103
8986926656488475
6266584341012016
6999536526265020
1425290198763121
1879588089219562
2381393255892407
5146209730532285
860679704044005
8284712459679351
5057567469754612
9773802443906721
7662614115033323
7024771342568497
2435857576974388
6539637908262579
4725402686258715
1864566410022851
8280857625866034
9541118040681656
6567801578634641
8619832124666631
7464208306647677
5897248365583247
4360825422411084
2982172840097789
8961591820089260
6678706640414467
9966136721384042
7514752823632194
1391376414302226
4702422718224114
3760223852507727
4776250666834566
7837722943971965
1438730111150337
149452134946072
9181729646182810
6950190846471874
1572443663048016
6915802061252728
5104810594551744
5820801657295660
2391558145195757
338442078119886
8087301058844067
8656641251990531
8045103952407661
1807959033614212
2685708842536150
471368742120489
3255240396012725
8541871330333295
5919316888853277
8641700736494217
5837113147118433
2792657953092271
7518097158446409
4647861171490207
4757751123816991
9593897513365704
7405800961752715
1547419845681841
4550415473680361
9835491228134518
957402795150793
2481364448530201
7291308564507931
6899428338295574
8255694116221639
1163589131684300
5897261006922886
4734194771306960
7315897468727321
242612481147179
6456393757218635
9591786265448879
1903022639243018
9136360806676600
8716108399688145
5466234302962329
2036171498953915
5321888661047381
5671914770426452
4635156725846207
4989027825512879
6379741112996531
321436605728750
9409725746806753
7787336187679237
5744819535613428
4849109555623408
5625855280613254
4079746876654896
6320686856311458
2765272445201923
531969159817811
798196276549826
167906952007070
514264639010572
17613684845401
2119378000466089
778455840049232
9999897254716343
7008991304043682
8558386884247355
2194992210285144
4287382726075099
6174566082551748
5096724563018770
8297157281524470
2842683549126831
7411897051272791
1268798796868724
9756054545727403
795201644097076
847709646747576
840036064884635
4405004144450237
1298399595482941
4032399634944886
4686735858523735
5898370095067389
5122632944076085
3032901358854332
6156257445619565
5258535040554868
2189576613027406
7664372608936306
3049304167688249
1856251474706618
5803741375126426
2631807410305738
9568705416206714
8063992390811630
491164926543275
1600747038626358
8282363634483167
4267374276533615
7863127694266807
5373278746142263
3609585480235314
694402187489416
1656401211096800
1578018266816750
4630522707001547
6392324975957829
4309704070002102
6801704578976185
3055007244477405
3927461697068434
9180229435195337
5147996985042695
6526366559261110
6210899655245240
168337351512367
4451462955634889
1888481519942644
2770583074998504
2058448578033448
7755253828267459
7947587188401907
5372089930446966
9981414185682133
7421195089029443
8120818998822085
6152286496906916
3816063815654594
5967704398810131
9310572822255146
8900666224711896
2503194447216716
3187501299821478
612540967040807
4582689936128602
5402524339327873
3544820102228754
1630099390633878
8423542447697065
6437402452697850
7268893714418290
2113679593304337
6337194132609202
2072084019511887
239091595514898
6614512640469077
5979192144886550
8981022126110851
7621320257163356
1547402625505332
5634771450952179
8458173932762549
3389203860984782
1798430198683066
1891400561024873
317729564144922
5695723055976763
7467542378754843
249163362792950
2357844454130915
7943721591950731
5908968351756178
5617732405202640
2937069054747429
809778479546717
6814645349429365
8209722357194210
3272438039390025
645581735154610
1254230710310349
2267406947743817
521768556810226
1475152583105553
8045551042536557
2416451502670530
4053182961183100
2259427519532830
8396128574889851
1794162976810325
4859189536010957
7905354003267895
400896868923338
1779663096210663
3059983622403595
3287512056529052
872894199137282
9377440124438556
2002614785507493
951668419024687
8348426870612154
5732495124653391
2582609524139884
4711306350365406
1091193688656711
7222111557885019
8401957653992725
3662040422616603
3593360210477107
1997143017271272
6393137039184137
2549395809203927
1001845622306245
8555301669700409
6721525353171166
111611512237485
1592024798631252
7221931877147775
7315884684825538
9439376800132985
3456779986777835
2838606504005693
3894829439303236
6836917381685061
915265851113175
845963654612629
6051468812441714
5151823504521185
8392624231265708
2859808681235248
2276290398083426
9654166115073145
5113031825487902
2084308953399671
3914295681225156
6201563754603084
4846777898201520
9903493224727410
6440720537973901
3121309227184694
8272412420123324
463192774431053
4150075052720575
7642536569271629
1759410561200904
4635075228019469
8418433085380534
9838324752242252
823410624282618
3577286811288936
9561647415662541
1726534660534138
2619223528660144
835777276239017
1441199357372527
8889005810538146
3440081751722013
4682341722859948
5925068877567823
1307154774297150
4596770971370269
2120864883286732
8175150467528213
1321977554104288
3538237304665485
6704546466242997
5333639786053563
8393337743482010
7444072033721171
8941716282980892
544974339014100
9320692523117515
9171425327422542
4512059523082045
41325154599428
2398099083402548
9677705241949634
6649299320030058
2167339128686224
2632779172225012
9682445916365556
4018630116511175
6846859187965302
1576440508704435
1482182205460932
7130190784043963
503419672012579
7608368204028858
7771658827690033
2550279783448774
6741871012655955
7867671250619783
2886119336061851
6119011398250024
9168366730953284
3990230544144522
6489512655143128
7201121331610684
5192558398819328
2427530965088133
2853367711408661
6984328167251160
2435394910774987
8849164172420532
9874005284638405
2430990570806613
8233166393941006
6671071009229680
273566259395239
1485147473556782
1236877101642444
4936513138190551
6776735052909997
8490143870273388
5480008201354930
411225905081673
3446232187223634
235500623314686
8354823904327291
9654879045504482
6601014409883019
4013434032621205
7973418681374285
5049565508958425
5158633877169507
7268288286008450
8159928058563997
4825659586439286
5574213794741206
5066268007455485
8193783409925824
9938200898360752
8525127920464471
9608120566775215
4103925903192125
2906946903203677
1449926831991756
9958838890733865
2431882027900561
9585382087206551
4222689718174574
2969394416873120
2661174794109962
123785723946557
4356255629098126
6487821919506756
591896928284631
930871461846654
8986224376147867
8225545033993179
7373286015202284
6327067308594180
7829835056079760
8369224375038020
5453995861935170
8473862655159136
5712539120700656
4108639676089275
1060386442134855
3510552440938530
7677363812774001
8277400530261648
9162329782858279
6416883488210552
2023115017201374
7672424752190096
9562260855142883
4254908373755640
7848890874382098
644218149768889
3970518912444183
703038704688103
834351284062001
4312553873286288
1049373497295096
8615591476101230
9081858255163423
3371139476590859
8301622538553296
8313963958113434
4740027211574388
6474719440751493
9310447972448750
2686575269419683
3713951334835889
5328944919434591
4866329350211630
3274001411791130
1439995589406946
5779327641070536
7672124354048236
7192478654139887
3846622127041965
7218730252781549
9644900955159162
5999085144143434
4407291301896904
5023795368803828
6481895003723170
5644438253613579
175336286418769
4632418255341571
8998190573991400
5361826536330736
3599091864232972
2140882340960246
7124761856224800
4570876049033268
4178404926057364
59710913274457
8071407470395677
7083471552066692
9929285226756202
2757593940559321
532903819085406
2861627734575644
4847879942609970
2726563806132871
2302854798924673
2116008621310388
3176720642326870
4040779985325855
9077739184864066
6692667688384387
5327760702511697
3566350562437918
4451159200614482
2346367802017393
4034859524102704
2308528748610165
3871085875648800
5784811682401128
4212362030159343
494648247672610
5383672637726330
1817596777221210
7617339226534793
6029518954102703
1260517340023578
5145722538667500
4784202007538755
8211595110621298
3191953887315326
1923815623142117
3040821786316043
6620599691502436
7885382199716342
4840608377520166
8210003421018004
6200697138741190
2142043990473045
1445201166133337
6950885776040203
6997799245277395
3397987377188156
3659443304394321
3676357154792776
6278774702725032
8525724474247850
3536441055310003
6019542765768876
2540854783801296
569249974820651
9925336462154739
9243785664225235
8360617441015946
8931099812591103
4355883177678624
9038366721617914
7560423907057171
4612931792083790
465002299188185
1952606255718049
8482526081184452
6351852642171795
6968698078181496
796097722311766
8742788738153261
9025794622737519
3404072784985154
4347910405876728
1090423556843254
3744565697869158
2560401482930258
2214722725006588
3041561181301283
8490281571607347
554382960381029
9703863082032583
6024668933131979
7770815396264340
8700511587939725
6786533531605815
6991669841755580
9931676394856116
8617307564612627
5024658958462207
6617732784702494
7787523861330504
4892322378352473
5069809695642
4332146925203237
5566544125712760
160368933360355
6186470282295474
6153951597469271
5804207735512336
634753370431661
2027559913381661
7182969496396683
9935152667053925
928936871022849
7611934634065618
634128029517374
6329319997882493
3290838531336099
8950401393626442
5946135001450520
469473564300600
2738732952360376
5852044529106636
8197131324009709
6769549212993355
5867343766535552
9357611193174046
9534533226812584
3536430340814250
3506603136945417
89464783621564
5997041621366033
49529661364526
3642452119001425
353564965280167
7591827166649006
8822529324965658
4959790815803697
3937647540014161
8194912674456268
4622297203377709
6223540265939745
6713765027854370
5619581260517010
9731140345495644
7071872370258452
4475094478053203
2770129384157695
9834583966235710
7388071095764536
7329407369405355
7018985953654295
8794201220532864
348044718580144
3231659555817651
2328368981625987
2795065222515823
3905085102019243
3805526779395079
5401789899168354
4536633164271773
932984573848588
544835507365784
9019900417696224
5152090877539482
9360341599556422
9423394552235978
5721404390579246
761510074615597
692144353082744
3960942879284175
6329749743864278
3360999712549965
4367238599347371
7337444786349399
7331047863374931
1378345614362775
486209069040098
3080400647147493
5265449135946604
7929308864187670
124969636182826
8813231988948639
7148408442658835
1556069122437547
5482863376921936
5229827669582301
4969562763325000
3318839340451210
9700623538740204
9756770713011021
2661659500555495
8800162958095512
4998614505338376
9718525438315083
2475574242900275
4354468081962638
6923569230787421
6159712046542468
9069993268265796
8931893307697810
289542350472122
7051152868856898
922140242184495
5292805624273960
7155942017530634
7843910016502927
6222765887708820
46015153456081
354248829679694
7684447427613251
261446449520498
1844076323714755
6648964185051312
9513812643390140
8155437972375780
54512899333096
9011817561826120
8261610823752777
1182558530495263
227518036868047
5037312890808807
354270535411433
2440602040186949
4108165406784905
274987482474552
4640118822049075
9003697913156265
275661257000912
9123405305224425
5260843463312541
3078682967311268
7270673757546314
7160277803681861
211646301654129
8521376780208481
263734781709330
4252595725300253
8553137266155973
3458089198350037
1353070382638811
8232107253750978
6496025334973929
4989724359513398
3948925918355237
3446326859563232
476983951570654
6559775537360848
7230609494487427
7296583432220557
4112241392245297
6300946870089841
4598296676863011
7933879432802370
5856402662248432
3428673626128965
4328136168140262
94898690552737
6988159714991894
3006321174782668
736011157890007
6035362808567760
3116657711534872
5641023544416640
1221276380967896
6350715717935120
1949734563547536
405315922443730
6107317861624662
1857861478274512
3089023701968165
2904101959643077
2785995087475016
1241532300151336
7649051201196147
6733560521240235
3510685700587705
8177548937960413
929730530494138
2287915208675446
934570165769900
3898819707606813
4240404111908508
5340196446700201
9754978684493755
7955440916643161
1439296188288324
6658642943197428
7747728299832324
4682155713503327
376453595095339
2724860985652744
5546050060611207
768170465983618
7313326433153886
5732351881130617
3474013785504887
6888164172670503
9185292535936171
3047306467041555
1907030398036217
3932426448431830
9170487265486718
9547342152407655
8464424596274464
7399963688567036
916172722728457
8254482497052495
7655459920091591
5288279621453149
724572548174659
6279045565085823
7269690693055866
3753482535169236
5188321568581205
7721636743780225
5500978826290944
691560586698974
9046014139999810
1704916228148124
520300584760326
227141183583255
9881170619991437
2247642459972293
153316561828848
9084248170026409
4842890049680104
3135323795484286
3762527677684051
3961963078300615
8712482586726588
3884476959238576
294563338167075
3670413585541899
6821110655921418
1193238337358372
9660337873052946
9680439079793312
2434679880525778
7611279658792109
5912523540204196
4810441060816905
7226531377938827
1017119250593243
6325118289511038
8418550723774937
2311137280425453
2750562969793863
4943087649411188
4817923651085684
6892595667973959
7302149077653255
1760242356705517
36311235043492
8258615827347271
3818115229157612
5258459345239648
1767289707735358
892268031005613
1308775122032965
629126285136032
7978668518231196
248349422340285
9012875247632109
5822186085641621
8543464375995702
3129190610111894
862191677122008
8167670661190034
2764201561488920
4172986024589066
2470454602914691
3195441189505236
4896637463946088
3817145912473744
268871406260595
2094148102088727
4482756944631789
3283947699150305
8317792125480548
4821958219051073
7271434245289626
5445301540290232
6236174984723104
5276800354216773
5293847783905133
1522500590884138
3987958207248051
8047040656813794
3038758343725077
9907051601059276
7965040784300247
3302480420251238
5830209069031268
4617358429927591
7131526915743861
4656246670598059
6479173132440883
8047629581933907
8563048888161191
2258258294430625
6063334239472955
7904140044369607
9553455026816579
1710406937229677
7510278336696337
8002361308517700
5720748927772973
9114102653852945
6470043252430086
6172414773524594
1705985946834371
4315892421564853
9295975392751974
8959269962912474
2624742787658032
1006606718545429
3050632805546609
1503575763354542
5863044954280411
8561256938491666
9726811181816984
6517710656792518
2025883543337931
8478535487703172
5870020071579138
6354938117213334
2918523409788063
975881258923957
817278054105466
4326318203319963
8932576808412329
5686201008930873
5169516657382708
5973562609790378
7866116204535917
9231239952146509
7503081080150432
4961901545282431
3140957013595532
8047373352641709
6665020444555713
1771903123719717
6336370987809808
6489116050610364
9416579547259599
5112211806368665
9690910749229053
4453238636597390
8252151103379696
3503476849951102
3532293316315712
5895028165305924
8996740211411584
260246071789004
5220490381786191
1666510513733603
7630097856912666
8774060809358469
8972615378859502
4513178871368796
8533295708217932
4311372761788124
944269052425264
5503901658122324
7314163636187550
9031224298748701
7339832499419866
522447517997413
485949712030209
982118325986748
9160326663794699
5793912913693143
5365075029113400
1322418295853317
2798264100053123
5287546741533875
6280871779289403
9542229884450677
935577525501788
3959835143635981
2897219952883470
6974201728023776
7251708006030490
9356365965024182
1393339560248240
2559030582390023
8272928004882887
3559154153495581
2043973342536754
5182529338459455
8601999808486161
5205216630169050
8901455768211103
5280604989690022
4244319621746700
5850813688004007
8510684734376791
5533629961403358
5373100736026904
4606102532296542
8259131940646815
3639195344172238
7235674963543990
5275084360000647
9291973355475727
8445827064114777
7647231362205241
8023874076144312
3927514629788123
6756505702354283
8731577802464255
2456523570693938
3082452645290444
4561102196107241
831026839365167
3613382094245687
8356198738782079
6611781512228352
9177882390443445
9557757481503326
3947612929333385
9391836278336791
5644898571585346
709512824358995
5839192624646431
1312504067918290
2095585093372893
1754240144685612
2251890705760073
2167682158890682
6528681265197710
4260351068779814
3086820067347962
5431581510049155
7462817920309513
2059748334669127
9464682178916055
3021085024290809
893009716102733
1023918568253953
2534910390722982
8570486735522606
4935480172825406
6972149767234958
9709781958595536
3489793675623601
8096739141356497
3092864252458964
4149057113813390
3255654655745617
3464930341464543
6572041938544144
8450140449761087
9054297471393678
6385251427287154
8303758135231010
4136246936787693
9168238017821305
9262270664371927
3826361005590265
791937920043841
115217531263001
2327904114480321
678366637886072
5040502341244090
2276604512843620
4356771521153156
527281047194623
1208774497138986
4881445441831934
8202863044970248
2138362878042112
1718003540421872
6455198668179721
8112070524959754
4656271159487238
1656326393522405
4841212926484236
4336656361252700
1221538847174035
8465699882840087
3390616600975791
3992327267940151
5962637322796489
225456222870270
715820877278096
5652182112481394
6853838701772200
9223559766736774
3996401856655870
7741946689149796
5809267371189991
1916390560418775
4409521444495240
2445682846668682
8294372579188927
8015287995199822
4614859109478189
5763266079544959
6165853149067323
3446177936341887
4542857635847034
8298145611784314
6801421487114785
8964192235763872
8227461244793279
5535226752404589
5964428337015217
9077755319413678
6366376006895802
1418049981878701
7494206734926606
5423409949677747
9403387528675298
3185363467548335
8056746485289884
7700190339879347
1127042768832660
5309373473961839
3723200415521288
9041259830247714
1220039651971401
8783625368941464
5875100530958736
8137697406803548
9351344653084165
2581508128858906
44119682081310
9502874641302716
9504015901600319
6773795369964291
9165591341853212
7446137617509506
6858097885748023
3094046309191888
6301554286056527
4216419251170547
9724540155781193
6284850595171749
4860987749389923
8195864942629128
2247382724900094
785591330462318
8078963001690761
202764886395719
585114873931163
680493006831676
2904227038046005
9312368239137351
9906378550499284
3062137530037654
4683564922966605
1338087913317636
723764673157652
6550280645693920
8084359532883444
4605904631027907
2582839811293861
5119156351243296
1602833264745075
435110498257175
2930275981561937
1494806810130756
8274113713287824
2375510725953648
9398993793274345
1750892097441035
922868403929870
4010266842088807
1059418505891536
8536345878667184
4247904126256861
4237730796984727
4584632955039188
537450834995776
9537667420437744
6093839418299100
1084022068943096
7434985163297383
2539490706470751
2311252157708331
5334121659014503
1550509840768445
7847769991844448
2482739060711101
5651452143574861
8173743169056431
746384155906333
6059608158643149
6056153757754273
4270430469772538
7580783093324688
7584605226004099
3991039092539673
2746760877296660
3447531977939301
8092785664563883
7913615705026774
8352617385921330
4373631017913369
609383376976467
133753021027294
3528809487935954
5049187783067353
4093884900895032
7293302138282528
8755626195889209
2812901769437241
9616487136385084
5007643985096335
813879208453895
8565400113235905
8362732982923676
3582773218648388
6438392533483176
5651106974663794
128626127862382
2331071158829997
8594964120659980
8734002295613769
1924552917844597
7313017781722475
344543955176500
9300748730572494
4437474494006793
2735191169107956
4795679154489769
3312575280636405
4001221453024632
1627847274061492
2498706896017239
6113125253878067
6232038826951672
4514296425805197
9914229446446543
7050427270816259
2096664192052014
7740390017460321
5186603204168184
7193570224525257
1150417125698139
2075912589627381
4271719454249342
8864769961469656
3054366419634184
2451187229046920
5111182004086522
3314583000227756
3229777682082730
6259718247690577
1170215863865572
9591968170292461
4873805805980794
9685924572595898
3760108425276090
7087904123810285
3053227995070851
2710282857521748
5194047461966082
620322793919966
2737205713540346
2436582043075239
7266218161905041
6695244365738199
1094016425720329
1423560111118203
8993095347338239
3505198273645521
738019002599599
385536819414144
8137935429100399
3145383538097762
1397470235004475
288796499478322
3474069432966920
6942565222458812
3852680037899904
7848387432124086
3196919456307406
6745579198657273
9710161374043358
8937468465211025
2116120718566810
557858070648019
3768309951117829
7000716274692785
9564368529101209
5311650070448240
5966499465468228
9817061189330485
4301001921055987
7923817143166520
4197326693684098
9097226981275158
1120384505023136
4231871097616491
7147136588689904
8761174915162750
4606590212407684
6751964796685914
1749338813474138
6384465014535718
3894819409397370
9364420252585746
3443887442255935
6461822231552649
204026488773566
5434372730242062
6227277762913556
4482233201360029
8438745461316914
501121219600570
7972179456885723
4840434949250405
3099133411688079
5221872368632465
8850399335913887
231350778754542
7716414214605838
1461614441486531
357447806842408
7124130130273949
2448687015461739
7061840627046490
1029713321163456
8998672817366668
8619589811626833
4797674669179675
2096456987511496
7678708782842043
3564025854687930
2988968262254342
9526581121175142
5806959203138440
2520967642329677
9527622506860719
917651707580172
1620425943498405
6741035044306062
9447215050513889
343266307122256
4037655850027454
6076728603234316
2214686725657598
6336678298601686
6752672694403571
9910370427359111
8217429350633087
3173697696201758
1973701777810972
4622595158585113
8326336050727146
5143211158577457
9338140793606928
9784563979749532
2617016113888968
9582378018431174
4065320825394067
1507622873905901
5742950698965668
8505782710123164
2492695845529192
6815208550677090
7508494626255689
6311379800573696
9593337645392245
1603026306253501
9992215517058752
4106679383724701
1371727296235565
1725644098222284
4450150967970733
7490155363776261
1071508685147680
2319125702534312
4726519649808964
1497286335227800
3463576175089614
784672576676962
4046619292046718
8948128343663711
6280554247906946
360009841845107
5268745949698607
5202898821355294
1813749430383350
3827281060904246
8890053986897035
9721890357238200
2347581682763571
9528983624553189
1492135684703641
94227372358319
4358301936494408
7177148255744711
940076670447214
6498789658408164
4999356996542977
3286616752922722
8780769002749159
9279096499789381
9743202907764337
2698982607271476
8297536524774009
8212106989737497
9215474221105634
1774060712280805
1312201105637565
5875758697508774
1689575870040288
8928007472447537
4237008129288621
3958539427236990
4601780091140096
7938446577967423
2971508771267981
1676530578078458
4022884966359870
9061950472658697
5196157474715698
7002682788018254
5190923687427921
950630871730600
2967341766197961
6219214435106846
9261720668045081
5390854508603933
5380146515858602
1858883831305607
7552033074386981
9484689328216048
3623191467277527
4607308219775715
5053877073556971
2230359229771623
3560459860745838
12059092334349
7285808868261799
9657406559580113
8238151204265508
2521046183783827
6040679970881504
3625806833020998
9094925022175106
2509650383847337
9607399875859423
2250771072713053
9157081511255428
5738888706931589
9681717973472072
334670044025695
8801377766671784
5126352704201213
7550350756829019
8396570191942275
4999446001168610
7558645109702411
6797027801732629
8189089752386817
9551138042483432
924674620392650
8330835698025240
8405469623371893
2632134494412132
8782894940282222
4117479240052805
4804094378212799
7380755381872622
4750092762105796
2317943602046302
9013124609041933
8653733524833245
3225402413954840
6946833368362314
476254786681079
4060460560767477
6614017051909785
1124947282677714
8195941513608417
6474490252761219
8041271814083027
4330156720755618
2663862512683334
1936849548417898
2401542907819242
8294133081437124
9181888735393963
5174526090714963
3373501805446902
9063812655575731
863457191575952
7337852388728584
8691299905830049
8578867954247053
8431667393418749
1604523979949867
8415254730701237
3688211330222192
4802071460936817
5419690008234295
2715930846546163
5595940868146047
6102607005225769
6944304075659527
7727705027562282
1744137157941638
5769546415301867
8835507002241688
7106838584501410
4668620355363211
9264998687877373
7782031449903053
921608174491850
8607650936840232
7561937300524764
2554956562458155
7870263560726515
3498147646749651
8624712529550055
5370754905324474
497701258784983
2202971241422814
3826826880132353
6929961908928947
6057498884686451
4941587873125859
4853702421713078
2471788646927858
2047003012547776
5307865621175083
6849119033922164
6859563153471784
7691768778993606
629267285635404
9931728945310970
4315412592177703
6986988367553729
6720842480529769
4298660884323344
1807273277374104
5319502772524099
8978103746479656
9477888507968734
3106540905853029
7708147369222206
2662469430934484
3227295262685803
724037878919275
5296833018094865
7819791749710315
7943894232276766
4954966120173577
2737500094001771
2536514822986250
8945782367307012
3858910191215538
1706468136678960
6320591660507546
1240861383324542
2187330327322830
6938014545123430
2403999503447664
6757922732781718
5000370694779381
3274386712293918
8848909162890739
1853565217363933
5313349610813775
8729878287556669
9346054960327092
454377443074968
7976624223876435
6767086388082647
981730964094270
4035035973749759
7912303351660900
6337350760584293
3354587235711945
4779496861140794
5906362072194140
4465701068422672
2755843097956874
5109706499990459
4638326698833877
676717669071248
4920246083053375
9989309742729200
3118663632653577
113235441949388
2187016878631733
2030627544960293
9474151978815687
9120002699590740
1139111877378357
2668793985985168
9936820060048407
1549826878070633
9499962687561907
8862098415833493
3086560592199721
3401563915772499
7102010903051336
4647003953593734
6127125161282476
1774550845473097
2589796512815940
8164588130447266
1077586553163337
1895742910559299
9201799572667775
7804265866543490
9612981711315544
2815624090430139
6326079890047195
577486924007480
3256024320125385
2039458839753127
4641058720877123
3610670950939316
1044377917815911
9173331435784520
6216119101300807
6608057412429398
9481387385577327
9275040271165549
9469371839548545
4251828700773600
6798329290044258
9921082827858233
2152591584538118
8700140376699559
346632244170749
7670656193854641
640905437588333
4716001152919507
832664023315573
3534387111690277
6977939179691836
3137907821393015
8731021450210674
3533388006958044
5965050062706835
3177929509985210
3275485887274490
3617422281602954
8608980279654004
4316603950058020
3423242728306690
954288955264206
5709246655289907
3067643491323996
3963966171898936
1045588124138566
7269897875270773
9491804444957470
3562762127046765
6366683645337615
5087891693519600
1391002644691957
5866965890967905
5444636461826816
3980338491464253
9806744416997757
4905766511777792
2442852233808777
7036336940096853
8942374257703180
390517719292806
9451695024161381
3077476398934528
6851086567104007
9950813555335463
1373340438751488
2462747392337279
8080296562446357
8269637181123259
4595912066965944
9745566752491303
803953766617135
8241755153341343
3414125395698409
3947312813056056
9258159789878678
3764778629605871
9903131185147052
6982165881410318
6454537975325184
7253172129495390
9080643502312404
1736396901526609
3562954255445695
664133860448224
6003828551899529
3569997193671358
4679432957187513
351051916558896
484610252802727
6120674566125836
6705549637523817
9349836536630412
9815528161311909
1107843757571863
9004917814480412
9758944882483461
3851884725978676
5213614968595366
1591493616512994
3131646217462660
7372373842664801
1791277276446599
8786963041249419
1787285857542894
9753366174056731
8864306624462468
1857589916773996
2472019022261850
7298538142935389
858998181557282
4725239467396666
4255695028910585
8255299523640018
1835499053228928
7663032763411522
7137229011310791
149942778437462
823207502585096
5885466505232759
5559143009214443
8420381472940737
7622426135231253
3170499570229812
1747363586118514
3945568950011174
3371298017500614
73887066415129
8248133088123708
2724513623559374
8488993629056627
6066456165380653
7551770545985901
968704758918811
8215069809086951
6372385579550627
6442900657787315
4426908074044350
7933435418573069
607856459846537
4516050911837778
9712790632389682
1311367285755060
4446898085627477
8243783860295598
2921840891136718
6649911125787240
9990969255073136
8067272784857216
2015484859219561
4865030022006977
1396412844340474
4515463879808519
7377374995721453
1977903852367329
8816158269057968
8319906633775465
1397850705069222
1892392495200356
6610282425297076
7671575463747192
6020692822988861
4378516716707612
4501154893501800
8180608146612758
6816865638018639
7343168115867313
368498961450956
8786548465710420
3366770954752628
1183302483575969
142708349727503
4779194598304356
2925503280833704
6007036261727618
264366578265317
3862184939868005
5089798856865086
9881369744403668
1738206933474415
1769518160435160
5688831178323926
3313500108419512
1492603731505922
1734604205719245
7918555237058800
7074674145215924
1224348797102580
3774159936805231
3160495195501904
5055046085675671
1560585225572076
602789312749388
720493202774268
379439620410832
8219655672123559
6649233220280751
2234317347446371
380707846958599
782273662864076
7312855742857811
9739982401009447
5500649689879614
8556659826234837
9528567122424119
4525091503128722
4550198755664870
6294851570693261
3815376560065673
9487458423706588
5348568294783860
8559716182361556
4891237223011744
6944896719312252
7640974969122717
2956114197709619
66622985834646
8489924592501315
4293247693222946
8575510387864548
1570298336156649
1959292136887949
1491381497788052
9352995922112248
8246320489356640
9059595125273095
93909488328527
3039160789957771
3024552102026385
8495211715527481
659066734928456
1662681941082319
4544626088167376
1861382738623473
91894103650894
2650956182373780
4702205877480435
4602523367873289
7236653053093684
7289020885874720
9503824346181726
8856002782396760
1278624009436606
7816560913179713
6406516649521001
5186251647550678
4967416490367102
1700781003943054
7991407739647634
3356084467592907
7911410622840996
5617007100821479
7767581435906395
6213020243840969
8792470481084704
4889402773513748
43657484944846
9948780894777795
3596667365051433
8499363768550104
4131212443801544
9184462779169704
1064404719777834
3887386061710316
7092257121988196
8829650486495431
5447620141154271
3140982117208611
219138448230847
3071630977041789
3886967734310865
9202050546033975
8954879119829022
3682910464646226
5837981949281443
5143358806100745
719007964111900
477647210552270
7464760727666299
969156067942079
1286525376355593
6806575846670111
8717220271096769
9983348544765303
9921296002561435
8854500035099615
8947060418968206
8402035464873747
6783232819181724
1466656511025874
4646216445568088
4507934923069444
5649625007866127
4508989969851503
159279389085915
725615476111739
4935758106947243
227191143232111
2307801770924314
2012618452647059
4660574193349166
6869354038550399
9667850292697750
3613743506992340
4985405193887734
6102164104922072
6587788053126229
6422400326542322
2831874907429104
1748153415772147
7863664294978472
9831242422271209
878607334501895
1828897420562026
8029609935025797
9687787791946301
215060385478259
402887576062774
1932518169602310
2472449872763558
1367453000373263
4591559269459661
10505460156122
6319455421938141
9537771360680983
2240212615045357
6275625837772737
1257715051247667
948120991804829
2347256877066062
1182072428549685
3890002574017047
4959060536269052
1070066910939377
9907859507094725
4155489644948111
3929965644700857
2647940161560209
8553725802996263
9575210196311774
9276290975235316
1096710115361353
3085136551350446
3597330251850572
742404952844009
1240272363104341
6907752396275498
7006212825469449
8336192826710760
8763387607424034
8691675390307998
4652546354807337
3744345588206596
4808923138700103
2418227023075794
6806533943993204
5768031653672209
7264363421675884
7514933574907191
3367410131625712
8977747886320616
3032264031324953
426862291850939
8194744577728803
3588856466441998
7421146547161703
9269298097199948
7323371642319215
3003518544978232
308538515907884
8127045637717027
6406990230228779
8946453984133395
7691901960380925
7559037175826142
8237025943107228
6119229118945904
3508805946269440
8362862364999070
9346334706372107
8276216945012323
1147459403050795
6814167862560956
508784632513763
5183022272439958
6235216703945600
9476857285725482
1310427874126760
1952161303494457
7062856235726483
8347008270483836
3569177882695798
3374474610043016
884245793877774
7792660045381117
7459920403844131
1198149113384035
4470816042688128
2470780460303536
3154717101724274
8359264429027127
8296630436504
1781166319566099
6778096482645420
7330722146428622
6088506554687280
4804139191376302
3356864220918269
9445709540809214
1345478724028749
5895135143382653
4661431358983338
5321892042409046
2384233891739882
9795153451280588
2808235079803434
8166470745254055
9110410431190963
4158940291100448
6548441404807023
7346342309345162
7707700904311639
5330213467547166
7122198613327206
8250068071916500
2487713239185990
9765377734123567
3109028670009814
5171580922269899
5436114770030274
212784603937620
2355271770121491
7850591394132710
4524578000222121
107997695916205
382980618894096
1865650440485260
2811914713123294
3925395183623737
6272336687780271
5447425153280685
8999274860603393
1522453624587859
3930427651799955
6817671384640256
8951595799068980
1422339260415432
2065315301871971
6293809942852007
8456655613789967
5270905627451744
7254167825174835
7297651895827330
708128156724773
7768673609982033
8056270619175502
6631322895532444
4589507115823845
2299851813213192
5728882326185135
7088055103116554
3689957863102921
4809153178789179
6119844997981493
779595871498160
1800839403319784
9934920185258283
866324553416338
5965472255339780
3931600926607306
6096347307790782
874839968515848
8558204771021463
678715057909455
8774957086080172
5451518976328931
6340882157674016
9820629714114360
6326076760409249
7621876504722852
9353635610158330
3355468792029424
9644743693005752
838786440126626
2265446464349851
8345028623723904
4706462155391359
9740029335428783
9467798690026761
6846519741418811
3855348228593908
8256152516343133
4951261276511846
9870644473829258
7446172903942092
4457613356361408
6193598772607784
1077172424207122
8798168017528370
4105760717835271
1149543286009758
927983674801442
7376838987672825
8936813437705028
937144943951024
1426092409004678
8358289707615816
4867786226230788
851606534322219
3936615074952214
9472587982101534
3497666821955877
7911655802793529
3291860729003708
7052395667560780
9733423140146752
5821206851713844
1590462304648801
7872646161954430
5859800641254807
5755221220333757
8612233150559917
5278861080558008
5841298901743464
6038308509591457
3739040511448073
8729994910316391
2319300826650939
3444576118361164
9893951759544700
1569627654707903
4497984437381553
8358781871233392
7955518855709394
5726861979665849
9552910602296639
6142338154471442
2150781596480938
7082730503565159
7616501288267460
8044317742428419
9360997423092284
5600877816782639
5732012605827468
6600671155671295
3951295345998456
612401008602511
3336083757095685
6171749459194842
649862184645090
7996257950628089
9307806262621403
8821443015708281
7584527383031868
2421269787204313
9560896611712896
2461613013123064
7360669825251663
7244357980515300
3250349148787393
429779814912813
8977443901136625
4785258574355504
6254595302000206
2552465481595183
3744971199784570
5427645139340252
2220436897185290
8609858289772429
158434587168714
5380020931176405
4250034811894282
71667329204214
723303289751471
2819594045477959
5727281405546033
4670053481707953
6731567546343795
4077554192396367
8065201222330873
6385098304719698
1360766112007060
9113072866070246
9202756237829060
5574187547338994
520352480788898
1863573206923751
1964945711518700
5541167916536907
6652866767336136
2631818883279675
2338589640734755
3129888960354198
7487175940923860
2872136726821551
4228260194657110
1370889577378785
3059225136895329
267623901095601
2257193916194532
6687548314351097
3344028305369838
2881381445056944
879630250939494
1376214936399792
1718748870733347
1707408075229354
9420569868259527
2424937252225370
2593642123911231
78908412093093
7132657547605688
6714912375579155
6246229833447626
2429213654043723
9582967587047893
679977531427368
9718681767914222
4897674422632720
3543469670146814
4426227891843241
6344865233283833
1417444673062789
4338851434736892
8855209462497905
5819192967281350
3459944299292994
1332421019500952
5204929807736874
6918351428020775
5692189667965334
8535455801172739
928932409739781
3938196961488803
395675565597055
1125849390618376
2095773580158158
9515374760254960
8959100238344429
6221768912741902
5234741849001019
3975160495628277
8821643456466353
6332119308455223
8964342972957148
3365245574339470
5473541339457884
767470737593244
3670127767292239
2151506564221099
7101830230215896
1150776992505352
9182909484011054
6939158086575981
6716845180241816
4938961658418452
303245289861105
5067501502413243
2935481821262078
2784083091967459
2130157895327155
631266210166701
353641875332744
6248412596807964
68569200894040
187403870317872
7517953552432213
7262323595586576
9447791669707048
8255529057404671
3517100419425871
4720338122648802
7390447348714187
2726516470274646
7165051513573370
1468334870880701
5089160850933899
586524817171199
451672230845955
9907936048199141
8817016571812998
3678962212292417
1062204522792742
6633822861548642
7579894720031328
9326513618848813
6717466964629419
7474163444184381
520624911762742
603646576438948
2871197806735262
577707838819224
3179652082540863
5212273943834727
551806292529053
6522318368121727
7451919180386380
8647413888004924
8005161454545875
4178237495799500
9721028533001436
2281135365442967
7725523675015324
9128698749414559
5884104874280731
4079759013751539
7608275740422493
785525808967341
6814566902301787
3615414592847387
5243284034189039
2511484430800979
8003096873830000
4937147198781444
2004104656229243
3536664523058798
7713711924954899
4221841439647307
2379366378946525
8834161632016707
665699085842511
8569386167764100
6631063390252210
6019273761777702
6086571039926375
3090462645242387
7737854629342493
3304042569320675
654398074976676
1673976950066827
4956070581366579
3093109227774601
5337828372039746
2828437762272414
3221479584282302
7846775612188027
9417232210982190
7780781757690642
7540035923695538
2431503294979977
3859624908402494
8373150871480466
703691985382404
73437112297649
9425517109659908
8082820291755786
5372826430518709
6668058183604748
7192209587271339
9279006673188034
9854184771377128
9018861431855814
3797992739910769
9656092595580363
3569183120253996
9390645598034872
7081606544782824
9036203551316855
8732621011981373
8051022596523268
4152080896865641
9406120675530809
709224330070750
9267006303687653
579188241536763
5558994665887159
1636853843389981
4910591826196098
5793475814248322
2877825617546719
6662255272583795
9674222225835868
5743738082381471
7536297952952808
7710681536325610
7658301192795171
1611776435987781
495831754369479
7233420338829477
683022861859438
6340546580966957
8095147819359840
8133306374404853
6458588230316991
9102418724600909
9034441994229448
803291383141140
3718556586000312
7160804770716999
4215268565575942
4283584176751928
3900311032391163
1210740325942555
6977330267602500
7428757559009511
4705457386575385
6521139963504274
2673795001904558
3189481010578883
6870608264756132
9816095951404185
5049830050945954
8747370656291613
4578994171982748
7177342851591143
7676259906490892
1446927555734231
4107235409660020
386076491644341
507389328186290
9919568204222782
3649045549889448
6004928719210224
5894002230970276
8168521438089362
5389443982615251
910685538923717
221725311280864
4481883900429823
8836907666986359
4870326611781112
3907251353406659
3339684662254814
153976306346717
9240644069375132
7944939195850313
8484510272113511
6602966017827497
2980219929284080
2787271852142929
1024577000980494
1628145008759947
1607520116657136
1701982063829604
5833054950011408
8889556106236658
8269615051847321
1979457162716463
8576340882548568
4096968196066484
2545283866000551
4452207955870418
1129914911786367
787829507227089
5875230499720244
8803088293235711
6298096044018875
1360535950421710
6893847244978321
7437261164574756
8317082001535792
1618339079506365
801350622008146
7243647392207637
8676726930551496
5316461187368759
300657050788323
3463761564500557
3109137859484880
881332984204654
2841451326000263
2174530263637451
9156427557095716
5342155884279663
2579862771661673
1019544985329187
1838904041317847
8016286846914831
4456535722320183
7356867084220335
1587617588363770
1603959768123098
130842682592144
9400526248114546
1004569042339467
9802061738548350
969202823525044
8188185922340731
7845229708501217
3867941313051403
1950324751092682
1702202394062712
7458414817504622
6787651408858046
5779042842537596
6610331839968770
2081496433140610
5362695425658855
538547531733546
6057477595976727
1687987747138009
6281110408703600
3090972180221534
7552171009795120
2539499873552473
4147871802126197
6143025255228101
6893519964000189
6315683264268554
6846874885360425
7975671363229535
8087491306601127
1167056426455645
4426972732947857
5608356667239102
8814846431952382
5799590602184209
1055336138856409
6678766119992800
7278138556411332
5683530140366001
1111100205681284
1459521240856458
4941547808908999
9135649503931349
1731370877379926
871844624595054
1587237207180323
6001233404192230
7173054453786746
2847607260187100
1259974447313527
3804488818103515
3753500412528647
5611817046989590
102233491044378
3229737170988530
1837290647408462
3387145551539175
831769346607642
2181768529397737
9118316323919742
1833268788703055
4214430550705191
2639217930397405
3986095752952221
6057615564411415
4995440514860768
7308492388012228
876471771219108
696380466448971
3000711290091806
504449107667410
7991966210678809
8110754540770143
4805693966335800
9465405750425984
1900423143143582
5268286685515564
5626778291087396
9525832832924017
2528435198681399
1180895794620290
7965302049074332
6848479916705358
394301926255225
9407139632809102
3187054983299635
3408586725455920
8754567516490987
6221633929236434
3283189648965805
3201901948301582
2764038382438468
1593933831408607
5884403137600975
1782238213977366
590084911663075
4428744141109742
3393360771952669
3593726870956556
734404504790646
3050521241071158
19209323757263
7130786240666036
6001511973348754
14733167485621
8212138848692554
6523477151118842
7784912611523824
9828855575518150
1684296314010575
2299249700969027
3367258743756911
8544470839045584
1072206037475959
8970560430840823
5239745736446193
9696328938059048
8430421108755410
3785990845022420
3874022977296037
7865597322869533
5932480142233064
2457583549318364
822262773351283
4078270634893083
6766634083104156
4229410693119991
9816482530929619
2897144833734470
3780049219728198
7545318858023260
8316104993084096
2810297731066677
3634938161977513
3995481938159810
9763790783429256
2880630646229232
3914440301315575
6352827784840107
6948390284897880
4511664399710044
9499052005473361
9194349986906992
2415019631515112
3578131266417620
7815402069435625
580658437198987
8431900801268686
1364877369985859
9353809882740625
8085385328423992
2188631518418969
7365176449668375
3100721794411485
3774926001846006
4982819930535269
4838417007351333
9535672160450191
320898861334045
9420964787348985
8301991497825902
1918382870156725
410498258650332
7610095553010009
4485790333791964
4409744734525450
117176909241579
9179137943047168
2556890863343700
9670781597629267
9974591843766953
3439992842833265
5650733871832131
8213760343838092
4572446360733015
536734046196700
9539642986997055
8200426632297692
4922668386419965
6151880651615437
1180634801073609
9613515258152916
1083808039478962
6520906327710653
552596067112634
7621485565268127
7049190835014818
2050002012931389
7710527982669956
6385294260706469
9637285178507464
7096093580497236
7596153747481704
1348546487974483
2828402073970809
2634106952085536
8121318810497809
2562873116208777
4623311549816289
8814691955086220
5081952243774447
8875565100226345
4818778358526558
7577518572824657
3533589030097241
7835132344548486
4106478993788349
3248948188571787
2005190175286662
8879401555552373
1317275430087686
2877019356209050
9212911117289176
4713177977092972
7624517648740644
9502121452290325
5304862171825926
4047887431873859
7674642366741221
3187317532992275
5151332469686738
5020511027434988
7052288461331436
2369034800224753
750946186456340
2446432782915189
9187202834907102
8636271947720218
5894141437598651
5908009638202421
6695200338170236
5119777142436076
7183982332712011
5770218987699055
8328520243660342
3788558963315786
6647840270413016
7144534077090186
309128747993332
3447984006924746
8436831121320493
9902844413441878
861945340677536
2950073067324679
8087662628661821
3842311984162899
3272268903769667
8490400039907426
4114186598174341
1388522025400276
1145266424051474
8325642060345464
8192950570961284
4902067240161903
5716040072353445
2993516604504213
9567902509308523
2039930107632594
6509775413952721
7596913044327696
4294227634692176
8389591440191102
9766103531877801
11441899227277
3249018040837647
2140045987550545
881369448710390
4020825695791022
2547814689991352
5285047436449777
4454678056653409
1103466952085392
2191362132600518
3525053719146709
5941078078761725
5014286016800970
3731360960140059
9691035110881927
3754199616425771
4684479896280371
8478098358649271
2191968344826940
7708520761637438
9639607419688701
5035873916988443
6735579427117900
3400754131163337
2423557326989313
4301775051573460
3864851762530412
6091670331214190
3194186053179445
4314776583328239
4881888349032967
7112665082845847
393347283154914
9189107596865264
8528760393001820
8726865186408703
1465599424396805
3473620274939130
802485003702472
1637676932971151
1311379470329090
735597757104043
5877111534922022
7662721680297080
8667952522148361
4474193719542142
264676900266386
873185701661274
4287306141276388
4140205420451982
2752061905216057
6003035630462963
3768014696154710
9540094512343277
8227338725070413
5160488241804863
6202053695602057
556031631870016
4649526166586467
955645462858992
7528487470241178
6483551369672077
1771966239501712
6005009069086937
3164097357048667
8520831153824480
8868359217822164
2358445370931570
3015913853108072
2210812676039445
3716076227841373
1539409235357955
3992632365045180
2602748155109507
5907947166274583
2086438662761762
7246225454078408
9152380635799569
9616193603365923
7036762412508262
1300134033130266
3757119519689881
1387633779421292
2241925979501890
4387920352363410
172010387066682
8294578624874282
6318683946558476
5628299228221659
9452657233232980
3982215692181733
1005159396800667
7635124310987631
8946088339483107
463544991587081
4057541745610442
9624068193348294
1254960188706799
7443564434921898
1779662650923793
8983251617098033
9476009754688809
8337885528552496
6452200982343727
461247128310552
8792755478558503
5680536011924783
5932572997857699
4131721677583303
9321429765110883
6921625763858617
4621153844664077
8476954205527083
7531990778653710
6406912688927056
5642605713614406
4960636995137328
2763379903575427
1615581505224670
6811543974600363
1968960481805852
4080053628388447
6065577833008893
4964094614820048
6748992910123849
4848850157197273
3193316144548521
7083453344319698
9961540229416901
6389956585678343
7735212486980061
4409998458608691
9346012276401863
7389770944102778
4983126952045245
1000739654618578
3749229308490939
8242991724823069
8404763030020737
2294791965236314
9436083803701388
9638120647973711
3820941153995004
6671023765954237
7182722328875218
916748746255071
3151269318342769
8828657300032407
6446160528517824
3113526522343905
2167166886400734
784305039080890
267566357499718
5435558244809260
2347757255243458
4605901094437195
7454573269903088
9718411439129715
6902651941676017
4042763116707165
3039891954786852
2360662572384860
9903901839786631
4571268372238678
5932579008705857
2692608719134546
7464194150037880
4643528471122050
9029014630394772
3743903159391236
4464564236074128
8765895913566664
2729763647996993
3815420083132188
3116141047552843
3521197555358309
2747837407935078
2974133298090781
7087563961550888
7022407851388427
9324310406707893
4802943682977039
8053501154097584
8686785082997844
2301775790511409
8749857179532290
3835047293628932
8734825957677188
6915942611375086
2196113588549104
5207100521750096
1887870420535093
9176526127796854
965270205871741
4189024039070642
5430429814827318
5478645672631889
7853215423608420
4998779004660745
4820617807415427
1840985548081820
1018308016842914
6215643272363013
4682131235801085
3759670049970140
5588363937668355
6765450317028098
5778505110628466
3445432043418903
5254041986368394
6354103796457312
9537286892792622
7768799614001883
2623291969010025
7572313503263850
7078023798777086
4888854121500962
6149216299988517
969871253835076
4315676528044823
608191465079861
9027328759238066
2668698971893349
5037945269933886
5054853815585393
8077617338164647
5533808736568072
1121392327951326
9930236151772892
4111929954191154
3439946651230406
4767970070226329
7256576349953643
68135817211259
6970307155251977
3458137198568016
3720156004669734
4732500254806804
599402601568118
1697778395035087
2364351853616963
6238036770932334
6013924220745673
8854546546924624
4841512727531247
855848868055846
8886979300374139
5080245275494149
1078563232041109
9114291208826685
8598237253620081
7539967626877941
4581698220416050
9370401035287776
4902736687301742
5583890322614133
2761373501947457
6579451984086249
7275254635823408
7250352942680317
8163447621273441
9102094141203718
5490534489874585
4343883222947112
517406993414880
7348242185510676
5867657361331058
6534992985378296
4589623279734920
2808361083378189
1629124280705219
850656485098730
2704805648837107
6219132218309238
4401353021890556
1540738475749457
4000631831520629
2603348528580944
2577438197354136
6676787033869207
5339897201190807
3909032984800073
9352684633757786
6860405039937458
9297973139840815
535102465406638
6621095181540124
8508056753137446
4961325436620263
6036891976748959
9874263616713408
8917824926053271
2002239478853143
2517000212067984
4585209785579643
3588186079034282
8678282000036572
8648024698739683
7029524422539241
5383776975475427
4550576092801823
7481071108989096
8183243203540771
9132070538326859
8757784984285001
3061633916424792
3779540777112128
7019479705745342
5404171181553942
6875788487772411
5868998169005318
6598696142303952
3058176678737694
7517820043095199
2551304258551778
3355495135903457
9761645537860576
4489336254656848
9410887134969099
9317575780696416
7273215766096274
1774464992149108
313315457540551
3837879770980634
8883505754402250
7020943663284640
5193161318337780
5550868218797
9117546606879762
7466910682140095
9275573090211302
3685239333832761
2314652895362773
3074599836968236
5357832836815645
240421400319363
3638776864582834
7249111696615037
268088815919806
9915197121393712
307009883398620
5087874759343023
7304999615777617
9451208789226143
2712271210427958
2957489970707724
4639146877329511
515100709295917
1400226230383525
1772884063510757
5585167206329415
732640232978724
1555814339223652
7707536924516347
517862866684833
7993777386802279
2452127586756657
6863936177837188
7863625756701334
4963512774970734
7160793949650411
8191532492352818
3783933776869591
4296067973358941
3656623691041682
4755036575062354
2022899802902488
245061280862521
2801773662922592
1882518339298645
889886035255552
463826733648743
1223360840344783
5753139158367205
3675226675166064
2279598464409315
6975903221490210
5785621291393779
7405526636028180
7486554392841891
631546538214525
3312155091174731
1672986445604457
6353223869956648
3371239700816016
2119693395832767
3646615029060173
1449755866313777
5562991700704956
1065437120785704
154470276765340
4874618775951060
4181745348531516
2737402668288159
969185402869853
2237923327490484
9974123119121650
4511089556043629
4305654016069893
2888815016518101
5194994249595027
7286475508052894
8154670621042824
589699683214512
9700901286491754
8395985146801963
507504692179602
3552358012552297
5833439164086736
3629108512619164
3820734581200153
8687613674209956
9017782261232073
2258171902836484
29047251425528
5742496029933119
1072056992711852
6279304079014723
8009966780878801
1382249085504106
6388948265419764
6973041048671094
8648077481413744
6419123312436128
1538459777814912
1302964096977527
5381164659676794
650915061884497
1799962075967577
1787124349752950
6508443454153409
2639454264239569
2746823157041124
4568268906328701
1369785065728510
5834330265826930
3484437664199023
3601246795996430
7077987072465620
1632008139237054
5108080345007690
848117943995933
2612503689878516
486465468926441
9121398356605265
1391978035894919
356117682730561
8916866788328859
2386350869476956
9344044501524147
4344915043400800
4494561370008741
1918556767258995
7300610165892718
1767282517152814
935312507538011
4307345099734645
532302638748688
6586953355871004
3112900485861722
5426793961122187
2412922793114062
7626771505785283
4913230136562680
6079438442991597
3768617937591137
977449575789888
8430117482293593
3267477135181059
8969831082607852
1996020955169359
9370201930207396
4263733745764472
7185430994512428
3154951544303072
4331169770073626
2607067938143540
5519010277474752
3147909078237236
2987276219681292
6641248152992313
3559333350542415
4157269639578745
9860967913137308
2807048763145163
9966605123324727
132804104761506
8016972923393422
5694539599569239
1835267340101519
9768602382489733
3371808239565728
807245355015565
8469899991790620
1693806198042021
9787080996814224
9634540316464774
1658015587635982
1846323346562421
9277187996337116
2978503231876594
7952877709953734
5238389671152314
8578678202302433
119663257040240
3080491235739903
770940653159739
1818611258193609
9987662933956201
6437501464786957
2694268886988136
1434595038502331
9254507490893222
5576727584749742
3357800660891880
253572132198943
7912934196026083
6436042568189134
6531936760559851
7677505693373047
9972154918581064
3262693367332033
4951635695428841
861143484525564
2280181454253819
2734005900928335
1134043431108181
2527922659982384
699771412716861
3053942948443716
9010536871980217
4349664158150694
8805109197021190
121207651177889
5624952059641102
8042777959378130
8904186287552412
3525155610704863
5675630701604608
7826299558712140
5495781270499093
5647917529491103
8349416355748243
9486445787829154
7214963360263274
1171248777018044
7268329786349730
2835015458226486
9338008074414883
8324872973045608
8122146399214581
869124638601547
5441360607842054
1340651058806991
3318735694097041
6863751219672779
3747743876429252
336911885296639
6125825354822317
3523586131924488
4125113960598936
5629953296888681
4006329074261507
4107193350643291
8646010963868632
2912474001385171
9670728532002647
10525273316467
3575693223060794
7652010517704220
2888320413630375
9179655401540596
9425555140697389
8359812960012764
9952207960414919
8440253222151959
1062439191692541
9101120662992865
1233179886009060
7508826894283410
433284821809560
4969150644423962
3689433517510820
1116417707736352
7228274345622783
7739078157097791
1167560293784181
7462922864204990
876897567586004
7398854422467645
656302221714383
1230860958534460
4905142497289593
2929141830706305
8839433828976364
