5 74 98 
4437 
4986102155362001
3595986117251104
2979598061515180
4197614791759841
8958566573926914
333916209249333
933451550227327
1763579648812983
5702864766981299
5176889113266767
9945097382990192
3591302552982290
8645770108515988
8040093733191774
7414222396916522
2337929243377104
4842715389667091
1236177739911572
9047699783162101
6501698178910665
2142965339185811
6446430293948610
446895818679694
772894145524750
7275554150512268
4092005233344776
6474343977921112
3008017378266459
8560545342671872
1249923151184039
5650457866924417
5883421094278363
8860082119389698
1651143178864465
3394195883068619
1604345225883737
8463199489313341
5573580890810504
5515549427965299
2416415440483086
8995996975956268
4648152776955455
5134686640796103
8049559407777426
2987313340920433
2258636808345668
2957904408075399
7862431306740182
4714582364986105
2647723633243498
9006989034474629
5852348575396177
8089821202716570
2899012507936219
85580170880666
4851800913971970
9879426554715308
2320758910908942
2614734196323744
9865617248077496
9319075125581595
3924735385318072
582711215164714
517985337170532
9525483747998503
341601546118957
9822504133744325
4486867274492740
1415901591769374
2606160953444712
3567651469066520
5198903782123086
3098735828847083
9245624946809181
1045873217284188
2127897707017536
4593668415407750
9727909213707346
4024636979486563
1639300990734325
3525654014131728
7907606097518247
5676106286882437
1382261259163750
2158762735631480
4973767102777960
9746380698923784
1616412033439930
442265471143546
5194803227319017
1296129101640468
5363698806773770
2271881699413117
8508391206649615
6844610082249183
9409381451915210
5498321619650540
9219050505085879
8473249207999634
6773739743195858
3663660087762070
7469130346052234
8707643820114801
2063413784917926
4528883129445274
6790005549672489
1502329034806120
9179383089344867
7409630931419660
5055607957323896
1896781279866002
1661714227292104
7845330737901740
4526355339705628
6976692265361397
2173825441864068
5414638478783981
2440107022812458
5361542782597897
340502413878640
3319047141455205
6591133050245272
7421810006781144
8993815693477993
3268118532551176
2873897032313430
5659430780885271
458477975929916
6662403075994044
8238171636954846
9049064468058037
1445797660400270
4946058121563905
9667968728953238
9556662052567283
2583380245565040
2365971428028440
7268263672986771
2287514571339742
2603930397106258
1572729314153907
5600913432420557
2687611009463750
6884563201846641
7672922500762069
9354317692673278
9536119209232461
2801328729309146
6267247168853520
359571699903376
5105768748043560
544073128882028
3117171744544189
6665594641943212
8335977217947029
702268827494625
3833681662388035
7907886574813686
9127218038989077
4655391399971484
8016499984964243
916254215485123
2006175610541255
7940094487332191
6382493935836255
1123311843855707
3102482535421198
8967547233643317
2246067827564495
7768107556302412
5217416903199622
5934569465406380
5395471877497040
4631328438917246
7724726331284897
2131178476613469
2796601803756056
1979587327937867
762671080413068
8049268991484183
227836505738162
3345389628074987
8527858101591745
6446711281009024
7829585512273840
7927687782245422
9267538993037519
2714059671153609
6189845969344399
649808786373626
7531322816791813
5650209897780552
2015487378979621
8012626239418657
8332555261695640
4859627561214170
1412510436203883
9440912887679783
7875622970782140
1316190570779785
7944191454669892
279870524153953
2407449299952949
1758980834824715
4694973751521788
4205270757077259
2261364262304580
9203691475351451
7094721448029131
3543311012363282
6799312279855678
6136926446247699
6882072299214823
4207330013542076
1126490389693299
1025848486362683
9683664245267133
1396327843559588
913475299026470
4294127594449481
8028776207024830
7801526035805587
911171283170235
8385590419307753
6197658314552577
6603143682888674
643784133274766
4026701546657566
1654338948653698
5733542269711765
6995296294961231
2597757461039543
2162452795337456
2939689102980283
4174256774596717
3258647401000857
3884632777630346
5603365011448698
5267135279435639
8730951314009784
3511894199389356
7600266414150896
1527771157370971
1334131169262819
3110530497326229
9766360551573544
7248440886488341
3297488549465652
6631181192927188
4162278922005146
570064953976565
16112382143541
4517722052175345
2179070275293249
4411534111874442
7572854442305601
8979851225269393
3859911479351403
8024107260701928
4236880571627695
219539061276459
6711419923863763
3847752807808585
368283368014936
8362324726950167
7830029058218116
126274106798991
72666952250670
2393357245317240
7520139632116126
4302052700738388
2302082915935617
6671329178332803
9322759443781826
8756656598796692
1983373273510773
4898373514902915
6571924726945663
4708374241336474
6179104715098994
9499600038637586
1636903114444179
7171241293413491
3514750595803036
7394766681801252
64739256376447
6006252946575979
9604441089728732
7900535856867593
8540712332908754
856410892208877
5054328505175937
1048251888813160
8247511467606460
535755716305876
4867729043849011
9229187263982128
6202563347107769
4024036072264194
3898130484934711
392909956318723
524637026961133
5980833023053497
3406675439052884
5562818693457460
7603379861671812
3546931359019937
8852737389746712
2520374990675826
8086123815781655
3838299099273441
8343771822730435
1777725145256609
3281372078333082
1206158233216097
2450689079350355
4241265215719786
1554476839425212
8644866399490850
2238951514536393
1529180890269324
1083638597632069
5772259520046230
8972339651110344
1990836341411147
9294066927266338
1054144185249144
3669641686398012
4644726878356678
6961928713309348
7655872851484165
4400929236067739
406013965010603
3022694356286214
1562368423392480
1476221490975850
4339529810802120
5024804818823263
7902091430296327
4382685470844025
7056037405087383
7876022470655665
4779286845316145
2124807997251895
5062152549604017
6362822584935915
9123941977061526
3622309661074248
130507151612058
8671456768281642
9187914071365035
6328757373076340
9873589861312039
5825812443277517
34878466049311
3918148053011791
8593725079131663
6109669002194088
8589777983311030
1427740557132940
4638760722617948
5194052863787037
2361903674241348
8734263328791590
9560706330605610
3719534082508376
4047396246687559
4123803387545258
4400786640039848
1192212084562045
9666765892415783
1443070890664326
118079957103846
2542764056914218
6864574985015089
2203783892122621
4069724205731415
5457956343515901
7580667433170402
3963649862980370
3510612533573030
6115666807714780
6938603298593474
266498757666059
8565529629997488
1747221998636746
6465296122962172
4139602069746702
5604325734967101
5658495577474615
5922943868819599
6444416090584564
4187254889432230
5711235431272600
6001374668257826
4964090864157642
9185947414675767
6383869814628244
4284216983547915
30831295609622
1225004278887787
7983308125867106
3805021199428906
1702810717367439
710793367926214
2545259637176445
2146501220423609
5564520899141539
7280886657288487
6807511660009884
7293637814727393
4982347952638912
6393687948874250
2180486876673592
4608182600214700
1859393160902424
5031478971350682
3847255526308368
4530638543997208
8789810448291075
9840696753702321
2200918366279455
2766916863974704
6099599968708753
8074289265116691
6462046485104047
640739792376694
650896339795748
1111470785940685
6373148514737306
5396065346750736
9403278648683430
9929030117754495
7199747720921389
6931374220314899
3975209521089783
9910182213616582
5659855318211535
4504450494614595
8616895110286922
3688093245330715
4471122638201669
4291603561238602
9261664747637643
9716849196262966
8682268922606800
1470023606498306
413692038195574
5847948417727715
4631837089247183
8847486367293201
8966822011400359
2565196938603808
5038346850296810
5497063149705398
5300977522055694
9747525133749151
6425818077145935
4820869193700952
6236965318263644
3323551519111747
3853353192786448
3829307355302255
1944487234049327
4606111434574454
8396153976141388
3486162042503774
7322657075099368
8122012481445534
8234915095558159
4230911019730789
7157714519630788
8605528061991134
6345397084160069
9814900996762488
9296030436486616
169662814540851
8709804687687842
7151198880224245
2161679640793821
1760886413539530
1942434458199137
2403511541275645
7228021763011589
4780088581233577
9933758338078694
510408872798186
700574194144499
5319785313592159
3684836425688632
444630547004973
8938185772519903
7207104700157155
6506115593701476
7704575464509024
2868053324150281
3554155194198086
9066849206755825
2944373629466312
1605843010920990
7748456754485186
8811217240819254
4548217865050551
1609314524858040
4319036112869919
6242324361150409
8035491617693706
3507299480767233
7394387758751384
4767590111478978
660138089301004
5188313314408580
2637213919517126
9269495381065837
1268492671498945
6057461756995995
6828610269685591
3365661394773342
5159725866230237
820356440222730
4743507933727737
3350406324582244
7185403848817263
6713936137097973
546195334893060
8309128730424803
1968066130613093
2074575468390674
4438331467031495
1255084994000255
4679717771888135
8317508712060216
1373810142271376
5787443420827032
6579158720532717
4721384862226504
3027175452646542
5856341700454330
4480450905861818
549971137236345
8772420231995675
2816396350690512
8741215519046593
8347608770018291
5159976853541451
9596242517340141
8399527128189186
9531569968991921
1920496832322118
3696182438991389
5107250135273589
9732218171732781
2839352360949846
1990906398512303
5651265698665992
3373895735923952
2147172017613007
5223203599744749
7502660737136500
4532768425747780
2681192871105656
421400382076458
8308437268748432
9697791093895313
92830223357535
9555219664111633
4242756030208629
5646314277370648
7871845287176860
254570574724447
2172520311161351
3555826398829702
385065023630085
585274077781690
1770020740661674
220153224008994
2755013204993241
5337167993311071
5974867576714466
8632464373668585
6873227109787754
4141931577669054
928818096297813
1082933099946524
9904602303941119
2313514956408831
8138162580954185
7839031699833274
2646849063404969
4298069526151859
4534165088172661
8035910366528520
9426098619250242
1030293272630882
7009809794770179
1444850309264558
9532550100120924
2402808773745969
3247017964389139
6688641950108639
364295369826498
2636010775282976
3587504202159381
7208679600551755
5906207357466415
9826002870028402
5633479226940338
5392495769891591
9211253915999230
8126165762891300
3730581939520575
5610201318722293
2317696607271169
535324974700146
3986443319724341
6600094177977193
4653527458624954
1329382094245371
1093678441417785
3862719474898832
2080888325292610
1803570629386006
881710711680624
6785148274866374
5664502678082445
4087106754972837
5572209618211380
6969753857630040
7645262558975484
2910993535839870
2279480218247542
8835997077383714
8350912618615347
3821229334168330
4722058189640184
6336684041964049
7628979734058086
8708324447255130
6934223983897500
8456043931491864
8830110860285845
602477702424724
4580736101152202
5581472832528466
3776387260876033
2644958813090265
4625544072408551
9634230083561713
3786187222004970
2612044270347262
5348782519267073
72668907146568
8279375562554820
953984349660640
8139535035185851
2746769726664099
2846482902058031
1459552852614140
6654001655163706
8621758005831283
5321925526020539
2952792419127408
4406217970521611
1061362676239973
3451892432585925
1581326036119997
3155363297369593
7075501494841742
8547026055609628
5350190849575963
9216698850446527
7879889023104499
7409672682175602
335469370880953
9052919903156360
9855624476248599
3206601478449489
255725734419355
845464094477100
7034961222746305
1294590740496721
2223388950130622
8200273957006768
4913060372632497
8105301089865227
393806467894858
5732983607460042
7892700839793691
3443442911884110
8758034663381011
7076114206488879
8813642025796545
6592766453451178
8607822120904579
7993177325085745
6267445355360936
9291265151204742
1477506020282248
6573244864531998
9334832602494851
9714900855582520
1899448227733465
1583123326231800
6731876469618758
3036040854033004
105543173705468
7442200463348401
4694629900252822
5355501642670689
1690640693107518
5887090153902691
5315242033205791
4953855533245071
2649431327407285
8846089143779222
7829054085929963
9820325717257459
1992776667596550
3474109941992247
7828884596291012
8394293954235603
8502010599050680
8417079226052743
1336936092972911
8117831092735733
2009256292610609
893369117900901
4906235409881171
7885504739863675
9285625309535646
2207578061933164
4281276203848007
599648188255073
2813524840606206
8987147158509412
1550447610715848
6500907135537760
9575930079076320
9192805662271500
389230695343176
194604157222402
5967447086843050
1478930457647645
4334354287997494
1160139352132181
2171959663624303
4866583443049207
1075389472320177
7880857679993250
468118086521669
7494223287849787
5111575748994484
4417420972924751
3875446146544260
2517498130646141
2160349429524396
7944672293739986
6033353451760951
6394133941890099
2431069436076354
4633994444953112
524651610671253
7794249231943587
3817644326946870
5195225328440565
9298862534866022
2128000214073976
5378729039475711
1638774621731568
5016215244965897
4714547165692577
6755108016676520
4808099760126805
3977510148915581
1473389305404970
4002314191387046
1645474886546202
768378995951193
3677351960233199
9914286529163744
8488741764897663
8755145102250299
6274887363233998
660965105204072
4629963809360336
8303814548216231
68997811426603
2615881599696248
4109035639222303
1025578949353678
3591597459177242
4969585414879737
5351320273688707
6169175098111342
1692697768187415
6635394610224875
9132419296271500
7065829364056989
7767582759267518
7282223111255376
97228336619966
5996938514293873
5761005271359567
2025585569455024
8902958223352216
4810985037232710
700124723162451
5921102437461035
5090426590079332
8405383945015055
1597413185940704
167798091515506
8023244961705527
9296614701453023
3422170443418967
8061591728856603
389996627561542
9194468818653544
75557841664014
5041358115577179
3970429992761517
7629969701413594
4760963045630655
9096806913590180
4899169795196344
5069727186067717
1534459486753762
8371577659665505
1311826541426628
8259457165877094
2591596371691108
6902946618832744
9865152853781430
7109417931396494
7873274116563267
6436296755192974
9138910184973817
4185825147644043
7502266384067041
2798228090902324
3341231216588972
5705514066881509
6381653348585912
612730165632012
932107108122313
1703969088938675
4185508464797954
6422667591042654
6167977279375719
5147479025024423
8133373896733162
7461331046157006
1144336608311320
2816186991731230
6825410616413089
7932622508198621
5420024937720690
678449553781486
6447473768677149
5014998015531381
7551464424242743
3079683622151479
8504638261078548
5666672429701071
3895640122393272
5755033163407229
4386060868168597
4606298548912484
8932084314148720
8836341246541650
91274349466885
4547886678695877
4412866221991396
8894572708006732
5151976408764996
6490225708123598
6061842375518868
6761385934416109
5882855301298903
7343200759484589
2697526570608197
143475251359524
165528338842160
4135173642732560
2687783420331709
268897502879587
9182208686856067
8874734398909409
1438907530993499
1251510722656688
5271880635856787
9782434101187426
943706126026952
2428382036850069
2730286606938853
2632084289720621
3363359035584805
1266545403811329
6625624035298046
6095068173472041
3122863974292483
9107445702233674
8714636925574387
8013044470471112
1997429939569516
7944575729313706
4966806699799329
3645736280411042
4788313953311000
3759495824032026
6717138838719341
5752919260268758
5917532658983968
1040876662584617
3362592540125740
788004025404298
4989004342027317
4668165790897475
7747255043209911
5295936576718760
3606858880960597
4542054084175770
5425443633570474
7418124144871454
7416320172030343
9051849588204072
9771938199092433
9727408178496423
6069450384194275
498752222260433
3512896013855891
7828832415514020
1469195516060906
6432980821350685
8031890736991500
6000553418198076
1489683750496649
4598543381932555
9895471240554360
7968330974409471
955558844553301
1892204825162814
5058693090745530
7620639859379007
7446357373785141
9255946219110619
706266451569005
3155568900467150
8214146071699701
3417876799318668
6759174551144125
1957314157905767
6024795446337864
9832254665236990
1453420245326577
8927081477705348
9602972952991861
2617773478019964
6076485795760632
1380877675073229
409743959110621
1963148061441654
8053496182906817
1632190119779403
7912707083615540
3390360515445718
6293538431810638
3241175704724834
7362686393279241
8625902904653402
6632854678500468
2542877035219545
5818837742232777
9952294138526099
16777672205447
3559901251599526
6262316470318777
4029719971878807
4421719283265035
1318102156512769
7894126226983295
6438089551731933
4442425389267052
6228514790035229
7634137666797237
6245948245678911
8473164106294896
4768487483805458
449814331359309
8231591423584384
3415126967714183
2930746941636137
2671412395491961
7354521839958045
1803547529483988
1678016439374244
3728868492403192
4540235983177914
2701032387346984
4586118810786739
1888922991222904
4686751962238817
3155208279285687
7273035770275536
1432725339053822
1780962005011549
3106751230649684
1172159540308789
9511616664147861
2315546373865479
9601467159105690
4513006600315906
406461317728068
1143505801949744
7153725794239528
9724954188883777
2263093688548794
8423668418496074
5312626374631018
3938552987852407
1418950027920744
5416868309180950
5589236627300560
8144985757807817
6192366506237388
3131548983529357
4601457468095374
4529977605995105
3667917134660750
124260798087634
2847759203852218
331865141441711
7360246794349235
7540380370977101
6513057356707007
6723834101256867
9950352487512896
771796804487479
9887483756956363
3762294769553629
7627117614077841
5227259142784068
8944273029485840
3685085947148601
1641849645655207
8548703090695420
583178095283160
4087477191310165
1411811490505615
963932908018
8261576571519291
9775419831424068
9146636050035986
2358866688086672
9542031474950440
985790306137350
8495209072215497
6529971864623983
952061080021718
3908119504004396
6820360558850986
6402222748036244
2892932672607479
9350762533477695
3433108998387146
906982346539373
9264216143518302
8216413650180857
2019985583413421
3932532871169346
2758445330607820
7341808665650053
4120542748986370
7110146860873327
7676513188154835
6337084962102872
9023549723692691
5133761942126966
6286827813750239
4951489557811116
745536933773935
6394393940123242
1987617449950772
3135965167893875
2482212264077981
8445265048004366
4170513914810545
5041432006980083
927655838839176
220552347352889
1065266634528369
3088387599238736
3529465303255466
6524858844888282
6867063760637208
7919671178877531
1429055806640410
5189335615076333
2621709631198788
2940360433244903
7170164946917627
8489004095939076
6528921306097042
2918121167617126
3377413751010418
7738036255511805
4544541613585301
7590539153859969
6646791778246348
7150614971893408
7150576242502820
8745842997560970
9617363403556951
728783201486367
2619941808215207
4913405666271400
9089532918188178
6016591072243995
572140666460088
641230079225562
335105070912870
3122833811933332
8265203813437073
3467427533862113
1642362296947928
9131658149590076
1164511917903965
8441536872570512
1129972603122598
4901234524515442
7638991396972295
684110210222697
1395405861425517
9336120241199975
6064334779209869
2246154387147606
4772570582778074
2945886547548157
8241454258378749
15576186188187
9553796443203707
9973868091988988
4445944721222157
9778693371967516
2242493051911595
1089605915648347
432348798467968
9783643026390801
5211653718770972
7925301565432409
2059676997612800
8509139485001757
5358461352376670
3684735956042837
4085765671071969
3803622684001285
4499733215456498
895696480144258
7087549018705306
8350045379179089
6142610456650300
3210071437892148
4178460978781722
3578068290843143
8308609205171823
3289951635068212
4736374720331513
2918037851617266
3587335097622936
5103027960935464
5460272805560038
5718396605718532
6760071727219069
1053014078772422
7333557547864870
5789933748837898
59120108950623
6946859544905942
1295723117773432
2420229294571001
9438907187148602
3781629812131003
7242983100904828
5756662959251717
2274972759708956
3132689526123543
8220445250674447
9753667318907861
3948725064355821
9753255377506087
6385909294247866
505203398311207
6940593810088455
2934572679616195
4720540690628385
1886129739275600
5201343484132657
8435831187568639
5075737935650947
9048512996108512
9663170074849599
417082620959621
6465531164993123
8132897550525442
5244560095881087
3586847801581233
1065188651022899
2981349058217945
8296275958969588
6612805623846268
4690078637769963
1961773958272923
911146746090426
772099034271020
1345092361638666
4676084691322859
8507013668151274
7640942005489443
4317664309198616
5488532000459438
5515519365280768
6990335963509654
964466406946558
1443480480270718
5599330601240552
6040660272293084
978396277318205
2921050098849157
7086562479294209
7536079176428762
5143179301633372
7581937190953099
6700450830695759
8085735392659635
6017423094085506
8366600338884815
4814877128809591
9354867084945859
5120686640236904
6186062592667676
7396905688450461
2228661596288589
9234068008589974
4424610546626464
234337652916412
8061269446394436
9985789947793334
2844234591246239
1928978303957706
9525692470788755
6361977616174255
3539777348009162
9851070102858982
6237637574635727
2132942603649112
417670432617054
3262907114310360
761996458078850
1305101888657471
5959382880976927
3682811071138286
4403226213532417
425132987873160
4116707084975630
1207187818994381
1232792633104804
8255860268146604
1232417259652357
5300292471546242
4486622388078597
2846838857511072
2347523653235576
5254268157138660
4158883883786606
7408662912187531
2108700264460001
3360197753951576
759977993287188
9065447944514746
8338024804869849
9189168935357596
8540005381861711
217174708800056
4401768414693897
7199746694171935
7996826763605909
4103675795189614
6868368757715581
6159147304838701
8350998655657584
1938073924783728
3570994386670042
5589276034807154
1864969888313282
8013204838663708
291935207161357
4614580956241563
6092109769971521
2095089003095991
4995262784735815
5751331799439815
5091490122074727
863070463045139
9883675175921487
4557956268836476
2865512267151806
5942121255700603
2109656670018260
817878201318414
330976529210128
9895421429266316
6971975159402478
1171286288010226
2231757396697019
5705086194988412
4669144084324554
9227836704646512
6141168488641962
8590532617602045
5310995322262911
3262969625435634
723641892823994
7261741097648002
6452384494242282
6875273239523171
3974439800448096
430386738505686
3381409842105727
4901176726197544
3382826643453012
9884877665461822
8098908026372683
3357282460018778
1851568827492878
8399515528538683
5179601701052530
6159040994793079
3617719540178949
2498454657813833
1742197608714095
7275553803150971
5816085113145379
6570152831061146
675685754211068
2295672482408228
3865815832865266
2607427696565898
1273974317206410
897813133105624
7101447706338981
6938080657558589
6091641674969780
3166544944088687
2972658585532162
6071961291214574
4761426661693452
5767532519992318
2205986108556737
2006668510710913
8306015798145478
7297988704268909
6065182752877538
7372190420267482
3592810028751870
9897609534776230
8226991421749366
3716669805062516
1017664959848924
140191350840437
5463118064469053
7526437123021961
171457107962650
2585154480775465
551098491111583
5752255330344987
7939918080709382
9702108028056314
4269408810280902
3409818390312392
500178594699060
195922654272642
4586243982040997
7001820612715428
2375954649501598
729366855834438
1493325547354256
7289213353113184
938210889143328
8656672774577878
128609187358137
9686168851438797
9380124316283153
3693323378324342
6263499496257141
6388442159722669
9752361233508929
9046817374151073
2981236675923784
5811479567946805
4500698326951795
5395696516251498
9222445572773760
2232444222726640
4994106364984736
6313488530711383
1115692414952508
971077179486671
4085841220121710
5465733406118400
4481906244386521
6718119419814229
4667073003338183
7366549597348826
7944339886849398
6787844267545834
6117334115664959
6721124151603991
4208405330710804
4074501058755939
8320703792274462
6110575657880556
4049054693431110
3314860418226262
5905841851945943
8645850928431439
2668052028333474
9064350889471541
8834939747599422
2565876841462008
9893299269517494
9498965253615666
4476402508546563
4639558064107271
1725084956149646
151767311024448
5522197086559330
6031489036079801
5774104476068276
6645275220771250
3398807452444291
5041341989955472
5993522977581357
4774105378344765
3323507069152958
3056551351074541
3719061744561414
3197692120151818
8569446374715435
2112380874867508
7653160211171488
608953176294479
87538433986651
8418882434918585
7874968341049407
7479957611798672
1996703003332729
1008433547257498
6988183777245731
2859495915317314
5329239748774972
1371985206770743
8880680326052978
358394177874059
5836660632365441
9387520249633503
4088490493228309
662693337290725
7478349011406374
4849662654644614
1412572815570953
286535452796689
7361878785887299
5324077574519447
9848285757030418
8473042737840952
62546197596063
3111756197755437
7972539232949215
5926307806881718
9570904980423151
578281811281834
4797945640826525
2327259309533279
6682238834442290
8973177887375750
3792526835865400
9421625618661451
1198271856107155
5534525271858641
9377737456017589
4831199752817853
3945927329400198
8537559327924729
4241878924700758
2958541590443345
9458857799734183
6813993698914099
4079078465765600
4913173769065670
9194946803242128
2417617220707151
7857114505321234
6814129306147117
5317413690727592
2342679073546855
8747508167731865
449690497895734
5555959718924285
5086779590583063
7979579397935668
2670532271503537
9883125027490019
9642942950814560
299775228719269
7000886344228221
5557469793901338
9113440405895884
9064899503056406
5851864409221802
6766933009117897
7785352452700756
8670841260840264
679634044410110
5775362452261587
5343306484457828
1642630046370645
1436061798677133
4514496050639558
1671971943979365
7667074696760014
5527960552706393
8410209449186196
2276025518059394
4896519541704826
5892014519426234
9582465768407643
5545318529836097
3376279431698390
2311096264579174
7278274222262005
4963340233653250
9226897087009555
1361556473638040
7042914355143337
4503658111967828
3361529477604164
4255660882166058
5458772380089029
9587450088929404
8290892842447326
1450890952294494
2018994957058903
227384017992793
6320128123809063
6048663916245856
6250122298924285
6686850257500979
9596169197010215
5663158380105266
6613368057319087
921671334403474
3991965411940448
4411086862185628
4532046094210302
9942592902942408
1956417089924916
4199056147519189
4619536040892008
2665330320566394
1505136249984904
182354976105010
7651074114723983
471978761879276
1167485305621537
4037227518992442
4949510085617893
959491277364236
8288661382347661
231651524589124
5969583326021660
6818669830261633
1309618267141599
4937286238918899
8213326902868432
4100683468119400
3273945430666116
6021752575742404
285701342702665
1539940197431399
278508315954675
262883114712672
1182364625712900
4743875896736794
7082980210520149
1473783756889486
8497855065258688
1740272890539925
6202397787976344
1767400007178726
431012892648581
7956373349280206
8578457152007333
3928328988712873
8697008057238489
499368720854097
8659760373142928
3799450994919146
5075004657171303
5511320618617570
7205367482019934
1750597195127832
7287606316713844
3640102532738303
8322001189740707
9968624429499600
9267788297363391
40618063784683
3841851789165709
1757738284493937
8660440514952377
9805038790278275
8918153370308087
1530177026685086
4836588932126839
9795242297198031
1951479444296161
6865728931508235
4228948323761009
9173413843770061
4501053246631211
723007704126540
3193108156658773
8372232737646146
5745824135257387
1210764904906545
4449976160616977
750174929326923
6670254969866302
4277807529071668
8245050056201007
8925294437969851
1551202098875143
911639928517425
197804783776161
1628374780568245
7816032822319850
5501024815657250
2081206183041132
3729970815965187
365858395369762
4710829334418283
768768735439670
1797904595999464
1665913520434053
1266177924508100
5366580400289795
870084282174833
592703027595939
973366699999159
2196185984601989
3206503237853627
9908224130476735
5146538855889883
5781408215870742
7033807512434557
1995665647549996
8147091150899206
9602671284836530
3260623383046075
3789535542771408
2941421877386482
4367637327230471
9604682709827006
1649443063151717
4124319282780946
6872330865015255
1110862130733242
5575150121966905
2334257509226176
1175045422033901
4983791152996959
9142653217260191
1782896825329490
4736148996296451
6999912784821726
7201103697254899
8409463246227007
9686981147492610
797172140882366
4816627342458
7758164621856244
8934303295685624
7709504748113171
8148653272656833
1235831919963072
1281256726931946
2792062139935933
7584673516450704
5031964775687427
1104830002313149
5880598192639308
2286874652176235
876409160172209
9776859902838682
4645629108608257
4706608099813281
573176101720409
50247934111990
9980549614605245
4490543826000654
9877207673668723
9134817916341147
7550462858315323
8373842708895334
8227251192930037
6902630459731378
9711634525592961
5624188316813232
9228700611482384
630064545571983
4346299585425747
9426763676678819
6302980393747846
2078199710213029
2215226615620488
1260934322555568
1687114899411270
7326812420468249
845981699203806
7130777487739117
1066376837685194
83488233603712
8036283450951852
4675015271026493
20514830040524
3070956865740050
9377962696203867
783432919975763
576581639444778
172196365919694
4902646579312259
9637389150899092
5486208185852110
5885438326216477
2467464643293057
7838184967421054
8282305689592695
2324604975446943
4174927699772909
7383542932965035
7261609237817883
2583018601733285
4573493606050727
1858299231140586
8806845242523172
7592982930096676
1235149862749433
3029866668558390
1174785282802359
8133845415263380
1133322290669403
3961689825577228
5681132329786034
633869784324635
7487639573201514
9600621464797324
1953394333349768
134705499420758
6266945333633682
9313011275349924
751969912771143
834196499870332
8189764647100580
4108264307239527
2103183008228812
773127043813379
2759153855666394
7586262739998663
7216523945379476
3468321059111929
3021171981380558
3424003679244496
7598500614670994
8428996207257683
2841306596803961
9049102486758050
9289946085614864
5835994676177193
6302644020885745
3446773565394155
1672490815588557
5117365412830518
455831544068477
4489626865152775
9037063570056631
1277577724791829
8887354902874388
8070398520642877
9587064525145784
2479846989598040
992936909319756
1342505529511712
7345583050964773
5544377501454419
6081346434266791
1675041935074395
7988472419461715
8820091992181291
5947734309925861
7136510909914401
8312382901169056
3637265476504759
8354075136594319
6602643451364026
8105597127113351
9567875624857794
6555495013135438
301911870948266
6241943114722718
448971710346829
4237214629101165
1441581874108661
9027295461428776
6630705105512924
3918871913037864
6240605899630267
9650582065216750
9285099725386496
4516727034435805
6356170384374861
728878935568105
7251281282668635
9276111713373356
8778069933091526
6804351715046220
4214107967290676
4110653605666930
6994717412424910
6793798983827209
7898449799608607
1254650637884602
4067449953178187
9498715912815452
7573630274396990
2491295214954939
4904811700251593
2773106109895746
3298947766430970
2621547138699572
6872191391562966
5955580108300715
406276333380943
973313141697519
8039825675731017
2813631283662458
8531900784942609
6257456969495009
8626913787271902
9818159249474442
9018410399238076
6392439962187220
2022550220378987
604696536735837
2488102989472442
2263478938633046
8406886581642028
650664744007910
1075534261054395
2944480098253216
512769602237797
5633260455248018
4078508214671138
4282140431796550
3670654962872695
4561667299068261
9094515635717738
5375802686370352
8896924916578373
1866599607965565
4134090667254568
8787376138326157
1170351139527648
3736332236907766
7817057598741506
632126057604497
3182950329287922
219204557602616
6702655159390565
7822410126192241
5831789622436265
7423731879459912
9762440829054271
8922466615296940
5318670905654070
3641317478097948
7265094064251458
6143194871345338
286027314071213
3454233057392754
5931110128525014
9375612353208640
2586033726212821
842810947923049
6314840146672582
2670152107603203
7957185933317567
9421246818467335
4420221893521442
415212651378720
736238348095323
558471444617501
9981855901775584
9532856455523102
9162340541861955
3452634886860762
4721371840325171
4992593499886516
6437844371110961
8921975519230573
460702154753934
4751573453187766
737721447714389
1905806857841859
3259869912781201
6562516586425373
8493829069142774
8961998301779827
6922658452479509
848239983387934
3072247011370616
1143969004523662
8705303616946987
4500930158199773
4258595169293523
7072824990437250
6323690567212782
5555855684945143
8806168444305725
8250453432365746
1114642459264306
5713647196993265
1724641915494617
2565491277751954
918799786917615
8555740791739177
1749705481804247
7890952280366246
2352907496851267
2135366553674372
6907227852643537
2439004061456357
9788345143413209
9289069160569722
2382584549437050
4756653548847843
9335941256732908
9890899043493283
7922644053463072
7251207622727524
7686627137154806
144542064548207
5680715206390700
1649525354127280
8748175968431242
7320551799933911
2733032693925405
9738935034737970
4119781559389447
1013472502965002
8563982683745807
8977341291911514
3208023472845032
4941275316005627
6072136915021251
922255215437933
1834639597374447
374651612293319
4947531412150259
6669395250659523
5142839275764608
9870257272363044
6628770119413854
4528220159429414
1188697188396228
336319640903103
274319579018317
189115945959209
4627787165699990
7937932556295087
4573773731451832
3933339946264790
7813947452574701
9286100131962278
5511262780471619
9618904822477146
8394332881697699
3450988260961563
5601714877266898
3856806358290280
8670295429971038
4296444040459559
1863858505335333
6400765309140900
665323853274849
9186862834847948
6845769769062589
8049518642227600
1736951759297235
7482104330627924
9648660600574626
2665456143238487
9255723239832268
8850826424526739
5303527411167366
2196270926763109
3186031913661277
1955664293850687
6641838404021662
4663646893892216
2680999329007204
391753721856981
9719232960795729
327718757642131
8066739615781718
6627201038139762
2961958169872917
4939439517068362
797271405722763
1599353098695344
2996191445361603
8796518009610782
1894752435346212
3244435443483295
1001444552688602
7781470009302240
5102351047623857
6138520472361245
2903969856561545
9287714587412446
3771167412973336
5758282999705734
1581179638706542
5229100339317856
3854055566675753
2042158061387580
656068740053044
3995428338306058
8167335648291460
7851585741648701
8318652411313392
1114669026094021
8972392585248388
5614949371815313
5331421597434588
2018014914771935
7859439443422248
1334459902443107
1206910854306234
4747682978040909
946584506011466
6634134667845173
4979136391364256
1896262593066415
8926478518619159
913347124950014
5954451838002596
1113428329891357
9390097478499587
1806091848127757
262593898312765
5932844434608449
5552699281348617
3917193687613953
416113332621111
3388514153345406
2004630692983549
1003874242466193
7562602467371373
4523304845671727
3302289815084455
1295176844696098
4595356241885094
2674862109485985
8038770557323845
1140021028802644
1673585685928245
8278020917350145
3990103182749873
1000924463452966
5010988267704244
4933486607607347
2005693788400620
3607551878447752
3263290363423953
8182135088261604
4217057364299727
2720299772662847
8061391644843358
5662877999294917
1287629353485828
3496168744685517
9728275952051284
4986882077411970
4062231129365705
8566893948808408
2064906373210109
5801350970549959
6304911843838831
4303712916168532
3469853541035580
3365806639099997
1866534079661809
1316365034216468
4749946074531192
7825627490203700
387317148385807
1215794555636312
2987704948162085
8339890276976359
5209092116485934
7725703377317429
3106442576822533
7673775263027274
1012667589136876
6860810754342868
1768368755026851
5326053866438229
4992806604544022
8218465096494561
3427512381486565
2579744500893688
4561918876030267
3851957493591762
4679971159057739
9599267984326188
4496603093682509
1533857139859584
7761151314568279
763618510265920
1770114491623499
2756060939764104
5832857623490581
8724076498665256
3297228529370050
5146451459298890
6183501463300600
21770940543553
2329802210120941
2463719162152119
2424719655744220
1042192073808618
8751624913023570
4710279259128289
146495160679420
5055109548559796
6964396645769143
8464858699239814
6765212624676506
7794847062089815
7219225178345403
4836811858939063
5103071540194742
8532500346898052
3763304064034426
1699903512389773
3855011983532254
4459348382252668
1771169297294593
5995576252053140
4282684682142381
9006409043256507
4155913197585027
8165039620993133
522072175856428
1894944051647188
3497124675692730
2026923993771003
4987741579401091
2755795566260991
7825036027712580
1790556067039029
3283146413472762
8027088349703789
6259400290244233
9256873634589446
4754580471699902
8058354105079326
9952991615391585
5594920497609853
545259400734093
9332571795263716
3364785557849275
2503943812734581
8094125693589071
4876394468732113
4325780857214664
1304472362229941
2962600775932464
8851142353690993
5565143940520820
428385338282134
2515192281984085
285692205987222
8095430943815582
4446554189183805
2752170098070391
9768676475514337
4070637135336148
4506981216135851
5134071569972958
9718781508029591
6428275534973308
2320595786708277
1536430033075357
8827377554522633
7703562845448818
4678328542315170
8254451116419583
855451945677993
1606140836953256
9705824877628828
5929720180288066
4897719022451321
3565381707644939
1331790143494240
3828953219560088
4670733256388204
6979123461840585
4922612321539704
5717507721525436
1836182194993496
3823525895698359
8322726084723638
5885279762010771
3335555934695685
5911697891183123
3972204255353260
3601052672873983
1722297668391859
2708023790562208
6686458606361734
7554322385717288
6601224336906999
8249012509339338
1071675314107041
7842972698449208
2928632708718899
2246112616231822
810460542720886
2263859327315124
8761107655813153
9051450915277590
3961187248588952
4289053064103565
6071705248678132
5677629079863404
7589091484794218
2032938589321558
9442358521236031
502913575734305
3983827999966349
5534294380092819
1560735244310556
9817361824262251
7849702460526424
5730503688402312
2779157249105451
2421455482382373
9694695480567147
59429061328099
7489153284443248
3423469526744256
7275895443409733
1285588698282779
5517160896712971
9241318254842797
84550764997692
3988141147656187
3914394387648981
871352108197279
4425065467444555
5143988569999962
794184902617980
7093976112720630
9464605790939207
6542828675366151
9658608526135303
3635636189112440
1608404869983167
2559380322559874
3723711659093921
3275235637054720
4621826345924072
2292033976631390
35089363531802
5309039817067040
8107779076897370
4462750779867178
1135483203981966
5761207771928231
9910826352209776
7461593373432020
8105458926723296
2289657447304553
3549671928842515
6986484205668952
9497482709238914
580561576391682
1949673581682715
4198358087330909
6267326593659402
6633069903283034
5135213182040887
7263332231431394
8209739962038982
1974731599615812
4656625251755399
6119778710229871
2969249301783899
3253522731161838
8229373568701486
2645615704562072
1841743435225792
2449016379929068
7136963788818386
278731025806667
4789306213413339
4703350353294753
2525200431093279
4594135127773031
6949019226041248
8477916283524178
6151884779478460
2144456991208835
2095421719424555
7162653602122304
197235645601995
744573688053065
5373979062456469
7742671848016087
3740982906800637
8419711927278527
7523921033734947
7480572394510976
95463995511777
2401267558995236
9465300947921207
4376494202520763
7853291781416096
6637652594257656
8711534120288815
6703495443998531
8126171698679538
7953301146582450
3314817667409869
4436106101745857
9134052911788140
4835969386048553
5746823036571429
6762718155064977
7360313194899397
4720559352984671
5066024938697491
2171004425955841
4898667579820129
7112442569227894
5765041568014170
5710077095204736
1984280383927568
1591399591750639
812819984355111
8732961528751029
2938467279132809
9767144706439330
372650406759699
8019447105890155
173988413825532
7423720488804239
5180832591663095
5876445126425107
9907267124565167
7776635845116678
9276422193020150
2419581270474495
1676040659351393
3548114985555566
5879335914733299
9149276272676784
8223973522706745
1732719440660648
8154407691453163
2841847902857039
3029814398083783
404667173612354
5342923913630385
7809371937739068
6255034043000125
4000174775160139
5362695716894567
5758160851225036
565952307891836
1654401932788978
5081695738618937
5525714964604102
6973560727045320
5046982886722851
7832147364037067
280344304746206
1465614031219162
7453447697006554
7318429132695668
2446229051696213
9393346389683369
6343864002302029
4978142296548467
4966106622445801
2646032979002241
4199044474710300
7718499771328481
6546291202566675
5845517187805156
4131480405103752
2217060127852146
7231034183925216
4288283719522914
5931995040119396
9682863957856060
9560079862301040
4681473929955408
6318000278289457
3041053235514138
4143815426760661
1464770447220438
1595463047156998
2115841345982658
9120946342953150
4428918183504234
2781271634338608
5531390913164834
5083195636848852
6104622006938574
8907452606651950
769891476663973
1950805249411380
1049693538688246
8482910196019915
7922752660670561
1243101537584564
2620484683229414
3823009236758130
8254444895346362
4403547410764906
1737230751725355
4949644808062523
5827424236695673
2517710724071357
3064736901113426
9585469863480290
4978627581043862
7369043978547926
7919008694496771
8362807504714110
9860459856483315
5152420688457540
562946213425794
7779612902861998
7314829603474813
1390274997021112
6019099857808987
2820727415052791
4048791237532819
9050271088450659
4823793893231298
3136270167702459
285861751115400
8893766689914787
4232173211514213
1098949970813613
633343873443041
414950118660677
1129254118955304
9156387067057084
4863363434792353
7217215400554471
8521642900955043
2285237861473290
4206124629795046
8200607653782397
3914959356226266
7789144609374591
1684887321801294
3357066551262025
574534039514424
839871241019754
465295673017609
9642761826585421
1392478749832042
4238322892316869
9290527828913372
4997430749326250
739933667102032
6218820178622653
6583879239117934
4753151506012047
8444618225589027
5489987487827975
2567938793976433
5749400612459330
7156182988802612
9172469223071132
3113167510929224
3707881571841889
9030901695252530
8657707605497282
4633096847122676
3170106027989624
999686961644754
8706659148621658
3929616845460801
1117894918821642
6612798514530961
5851536653794590
3619695547848331
7350120807861666
2237386957729378
3109858483621794
8461132718959242
3689046133468938
2588923496913657
2508026857433172
7923928247154380
4452252999276096
6472309375866705
8812077717968418
2815222307331181
1966358615215112
1973141960365502
2157285165258914
4888855941716558
1569446261882805
171087120351866
4216594467365229
5020230346658343
8647092994678217
8085880532097236
6024661774292570
4311513655856088
4057339440995151
1814094443907935
9756807343251566
478222464140019
8833447536456193
9245297121250637
1702505406942378
7167760268491117
2830170070367153
3787687384832603
3883668393448390
2712671526884697
8526134231149756
1678986939363958
4864983628504049
8917976756973362
9677447277724907
9187227166912102
970364726759546
5067027655570756
2612076690889684
8800433633066363
6510886995271001
5251289005948830
5443175159646713
8968474648662980
1358610615646013
7517779828749512
6911713672541612
8684133083707776
999495099904215
8029421416382669
8029202050213149
7645835839050591
3520227080268119
601780570655439
4024622130347969
4435395652947831
1759071633762676
6544672642060682
5706163640112792
4898362032410080
1581456675326356
9142604319031082
6895388704126954
8829908186915909
5764956240663516
2858576934199601
2510999236326368
8045830505107740
4335155294409640
5907803931492267
1132005532494360
4451846550227456
2095832107722515
335262726978966
4890466885634595
5096726397798135
5443634740003309
274133476426563
9414228196556958
8309911547316973
8365746384100925
7873929363994277
6036709159559221
4375447816168278
2511257798973252
212469409111319
9610436580234161
5541091790270302
1683438647587382
6945521901628075
2385963988623038
9572767251832597
7741390179365262
2993501016772147
3587406423120995
2502137454904703
4941226286622511
2246783857626575
3791994742916263
5892561570816479
9578436307066457
1385499258780565
2551185307140483
6092507732344488
2294904517938246
9378488760376647
9241926653565838
8430924993279492
9915927456844941
7775544981268155
5559317298421960
6169968307349936
4599461574073136
3892502219705494
324533559041755
5049540064018577
2663958394766574
680413853059746
1967767735841774
7591285358278660
6441881925219212
8098413816015000
2083852091317060
3229222676016758
4128930430655709
3228892518227871
81499895241494
1112295012264003
1967837859812412
4271303808764864
6858982664777058
5960645839006390
8177608814583956
5204385081517991
3003774054494359
5968562327265161
9440943609129553
9140654468559013
4585416497208135
284705408933237
3579691938888690
7476201088705259
5422096255457686
6303069278989480
9668111317437867
2443484655385788
6413456867536044
7293170939114488
7800382855429733
1835346955233914
692108097120850
228236796797216
5329307729450489
8007386108416382
8920144272440790
5388941930646528
266385449282234
8911449845827001
7085833394575221
7090397869794779
9786540410097528
4035039763279006
4533754512906126
6034000808158587
9303400386955292
2124021360052869
8292141830182437
7617454568517508
606564593435838
6935594114590076
6994019087747602
8389102835724966
5332359817370725
8659307155933165
9120954880044205
3714448903896538
9161654160586878
8564753738717850
1815809624669776
4443092499393366
5277576646425603
5185881956445328
5000346888715647
9979603417984447
6520439446186651
3043663308636800
9917467425437284
75556802991768
5111490502254723
3786465521139147
5605356301081563
1600958034775355
3764650819178988
6697502632830721
8337574030304842
8606383240159503
8928142260679534
3027895041766458
7031312597602826
6935195821356963
5912679143414739
4515035091504876
8182573589031352
2249746531027232
4134707282939570
7870279176916143
8801920774911338
5231922051292288
1462422106062610
6447056882998583
5028763726934792
2382367111268205
1992380085184407
5435042910180356
4561278516817971
1368331950102837
3663393308727895
7572863460808497
9240031047472470
6700136790791213
6945201961846074
5307084428966666
662396759539787
4350973500529215
694282303835147
6118282761021349
5336930178804386
4522893995662319
574620779902801
5305610093015958
8510679967916129
4055133541343393
5132579605722633
9446872587150162
9942741443322531
5121521816546433
8514962344523238
1655580653251487
7793910155338977
7931134121861345
3237902711503106
7582000238781788
72626247768837
6673216482410037
7374580510602299
8919018976593166
586645841595380
3012082909466691
4063906933100025
2617923575453191
3750025951592394
6983955593915557
1706449470184876
5480021388413911
4350169687119637
3442186088937725
6596228472675483
6377268517650254
8894664387701954
2229202625979777
2897635409990977
7464211304703717
1252853702513937
4620317940411767
6822930201858806
6357915518165331
1208936886817769
751567357810291
5096042084198603
151140103492220
5551776464407812
1616980958546524
6254316040400976
1816296273135576
7050597098766154
6677262901406697
9072334953551944
6290167450834821
8860146068356155
4643449213406616
5156516596373400
3322206278181382
1039858163804191
1066108042760153
9716626487279033
4383574173910422
8846368288975887
1724628638601101
7276194945630879
7159349890362251
8646668712213249
6443513770788791
6068270775675148
755074763786200
8447939340899849
4306726516390737
7008387529661020
4827249219332596
9240340111286779
1278679491883774
2094894877068147
2629967782285690
4236977473300383
9074058406899503
7799775819313642
4712148654166132
5023767399889338
5941880280418119
9142908366662298
261215204032155
8021093450132469
1155274739040002
2300486285774123
9868103372193278
502096525326965
9792594743622541
553244923801692
8598824897012481
2394457719641775
7299775321947760
5843192970434950
21403936492547
8823953510010529
6559176229729095
6490039982946067
5203144145188539
6572730750769005
5111083363832361
7326103485289957
2747220940319894
8824789347470073
9378915976374526
8089792148085682
789345302908065
560308691174705
5295692903817528
4335770975395893
2152704791013537
4105370615270522
5251195166250013
4819255187189524
330416829338060
1968882814516999
6829790982303352
124791365105329
1340467819719517
1366577343160870
7456081500675234
2983069622947902
2244770012298929
9346166255332131
7710566269500822
8301303275757963
9156592825441882
4986005287467411
2862544267809241
4655893328627922
3807624473446493
6173701307020477
9570647346366261
3995880627251129
5752027100509218
4442203070802317
5031618237381254
8964685264165276
6808238216247486
4039969688859252
1035248698067803
6589708465893523
435985029553182
4746097258027025
1453437895567872
1996942886581705
1506173220934453
4097969000752811
7113070996042290
652369932669076
738992704062053
4205571576172354
8938575527434352
8162330006145846
9184087437360234
775091445560444
6723804886644609
302758408660577
9756233892451028
2048524458319948
5247558016163097
1739017322722207
8449296520476484
3645567695620570
7256208055476221
6048509227196076
5142115612080288
8817012371969037
8579366709148609
3186176571398263
5291844114324739
5503582117108570
7061611365971143
2838617807580220
7721072881799332
1542910371166886
8970314921188131
9010865510287724
4459269430476568
9552084886781100
4437328286499392
6981366994967311
1663918353202301
8496359736919951
3056701247790193
8972582336805782
1104862590821160
8592155503629181
6385465669497383
6662439253145250
7058051015142809
5342657242908326
6127168616439818
2777959098322180
7854443905921619
8248533535565784
6320581629272525
6723744856136060
4827314250050258
1881353732067632
7720979481688592
4609032655126504
6874908502105710
3520368280682783
5329777842646286
9248309098457047
5200503461266698
9975851078857172
377677771855
1486457448828258
1141891160968103
679678262998654
5040646405528014
4753713497226023
8929497721878412
4309534501367054
2024861503979340
5049464378679073
3392399942884858
7603560447841467
9385916698037442
2515522652389883
5026391866411302
8900163933428074
6539548543722458
6552800647016819
4418854448857619
5988340439594414
3119648986099726
3016309203225486
6479148740219202
9959898883270370
1998848710287255
5466673016728619
1909626721361052
541403540172178
8225625115984025
6947019951659908
925471590858622
1482438150101065
231675093586112
3318920072492921
596416289241793
6914928940514031
2719307191729890
5462696416260238
2548442265462726
9164694174322188
1689984580390525
9342661567885862
8002386961127411
3260517600092477
7970913298849872
5667440547926832
1886150751173165
3284342667041512
7107443995827149
499664092359101
4545424835689502
3134898994791343
1616794450468709
642189326467442
9722502329333070
442152587746020
9986384038802205
6056358547340018
6666843503875329
4570543997225662
8298593095420290
4131595346086761
4510963478583948
573617565425720
2364613291709752
7778125718720751
3261794415311994
3241761353346972
2805170057358383
9705810151601127
7155972534650705
378103656631541
6040728450936434
6058419028527101
5496525845995931
95518565250412
7022401889768858
5183896873163782
5833788443609149
8291011419490330
4746685574317974
9450964907088755
2078505413631637
323876108555334
7350268834185523
4945133654253059
8601689072189842
7081762565239970
2182911604680805
4665286397310957
3667787701330476
759882540835171
7372226031531701
2968126751400587
129027841414336
8506772872549332
3132437397448580
7171112726685943
3716710880238704
3144744455531420
4754283957875588
7212122846326639
9031258135518602
8317791381367830
9567709415144802
9620430596246365
9218336146453219
8567849520647617
3093421776237060
3277869777623686
2651880210379297
1426636990500902
3901986740954581
2892305182116919
5197868936632193
9347748638754250
1661513660444885
8365240723921750
1670439782585485
9379984072273613
8894201897992386
1332721153131689
2793744817093080
8039697571740649
1003524807396445
2082340477522267
2295670798661415
6497403967348250
885765609655017
2559877964445629
3012999235721053
3478599511995929
8700606508627898
3366045641559245
7804188582975335
5985178394479496
3679605208803636
4182300125998495
4574777549503228
7963811709663998
1143611492413593
810574133286619
8883524101795281
932680684282791
4690835429726048
1058598547777769
783059721489705
1047617499244707
693370672602862
3294436684050561
201290125861227
6878517908822491
4662362107404105
9754838874926957
702623758697308
8620593111508373
1926315976386944
5673848239728060
4397445800910008
7110518069120156
1060979283345046
7340401800856595
6503270067651444
4316837795002399
2486827734048042
5934503703921926
1950414224731782
4365435550346946
4872005540057839
8404757774559450
3140767677165569
4026883506519350
7591221996355941
8770661882286623
5860048153715906
5486972800914601
3757958243941387
6311146488673051
8596473837952019
2641398625126893
4569578936065359
4939462969436960
7227990139210214
8145936416648153
1412791505350275
5454379830782101
2294785831377244
1020446788039290
4924468807209249
9599687818964288
9338500146199575
4003291743106283
8877412760800437
4354279469028594
2105712988651630
1660377687349371
7534049891773235
8172486674286752
587055130298097
8980517946386360
265289277579342
8784907557789062
69507476977028
1750169138661301
7196552565917367
4530038854281454
5361680116457024
9037699262301701
4325516221404545
8366791144732616
9758816548707070
2223627537760029
6577989897917693
304787198209150
5454059861368380
7577785115158184
7064907547234523
7189194827614267
4228736118256616
764312781477101
1944015965633584
2865538819141903
3099012236648932
9120851605966236
6098435430404990
5264892516056509
159880595738443
5971945572323464
1762591858702134
9214741566870864
2011242458536266
9506271106267276
2835578753655954
3357850274161400
8463007771341848
5024547978937845
9118434416979332
2374208591439976
5042075272140680
7772072221617154
141514194006910
5546524953979852
2927957677655660
6676438942232843
9554674235225668
445184424957871
9780679040429243
2279103560062861
2426933397351289
8712518723993876
2696989530213194
1008212811388025
895666826709252
4384152950908729
8850625613519341
9965709856147448
9694169245362925
2962516679496893
7138382718212063
945947395451565
7051238646447908
2060828049988097
4022825446856511
4924994351431310
8426698711460145
6948318165824481
6243612569351898
4404760029023370
4424955703741306
7438610381795163
8360636377812587
8186407577510205
5580043277280066
9749666990701458
8844301867912082
4203125519398989
2679466927991356
5260599291274241
9432261738068915
1817792216113533
169370716387119
3589342637600282
7490563998317194
7274358447180819
3388901779745653
6757203114792113
1263864785050784
2485991583603578
8366433754268489
3392506667827714
8082329596175973
2129533822275615
6255857419678174
471535464737585
3696392739256439
36481622764924
4123011934105241
8565814681999566
9061959042078580
8439769968737406
3791043813008291
9606196005370615
7762856652788258
352925373411352
6067033760159323
470415935990283
1253364091074299
5660100992544366
118507680529561
809268290736732
5035233393844197
3940497022432703
2319511810758601
5850028759694356
7723835272369793
8012068186445201
8826379646819630
9621602044674018
6963271429468263
6963639310981249
3435242211476916
2629867921879482
1244556406161655
4268638300209743
186345036097949
5564620557527300
4003306718603647
5421972307141545
3167970903584422
3776568994073106
1573397469038089
2009615767366321
2832684897804774
1000971297006175
6828985290309736
6456012614136698
6386306797184399
2640460467063119
2387096704660624
8327909359009314
6777151661649467
2054263792176949
3977461818989507
6074328490526232
7146940236592837
3803140389887142
2507800745547873
5183195262623890
8249323788088956
8868713088651158
2660992478777098
497409049761754
4025842027972591
654171435319733
5784942477229103
7564625805604772
6491266430785673
4171830361446121
8293867674241998
6611653144908254
1340083140727563
7999747360766812
8259381066234441
8688673057348308
7908481949114743
9835566652146034
5722137361753473
9483292489535062
7208980736582739
4257678020820219
4168097130005275
9237068440486308
3943324608778831
9624656815518740
8704831683977419
7399085349613720
836174037650062
8185624647522259
3207254126566685
3528342795812340
7339754208304365
5995299843591785
4349098255004561
9025353571019326
8728063020631985
7747925214430797
4874494627724474
5204846681365045
8782014192191558
2147073703533706
7573277650250641
7465555068626826
5732740958027090
8978452521834016
3923880474469933
6462435574896085
8869071364557096
2550470643487571
7677574758954491
1258550000965181
1379199218707573
5659284537999426
5593749368874899
5020941912073459
1021846915744914
9097523335088605
7108920185686469
8365814371317967
568832784453388
8040298330128002
6119223931791737
8241343227579829
3492502026890104
9492700559984437
1433818311883361
208657841485241
1438933023036203
1480610200952481
8860152088062385
967554844759403
3134292945258032
2568180778953476
3533079800281754
7368206016455048
9427749213324240
1587234396542742
2712863800050527
7586482319652722
4390492765827268
726172392827935
599291776666481
2737281483483164
3582764818515336
836982614874966
7777272771079876
2033421927135566
1108157908507646
33957489242297
5783627571099284
5296606746355363
3397879402910945
7357214694808614
6960689531711536
2705979254299509
8965423523759601
7494151362354682
2323064161600935
2645218059710977
9147069955274282
3262113280322626
723575842626538
8369419503276299
6971787222570406
138990608240472
8061763751746658
9349319928192849
3146699769324716
4147443994533170
9567726129300049
163019306722234
3186310855022938
6926054412167993
7105504046025878
9769094134584889
7974948248164809
7036511236477875
4085895233943361
8713085116426193
3127722880892952
7015405605535069
336931906804195
4981569211616511
2640332098377072
6470780365470197
7997718414567276
5629519816723148
6140274059587517
6855266590350793
5755188026301614
3943107608538912
1183613700820437
2038710506137195
7031615093597127
133890195383114
8304585115346472
5564509152563775
4295572258381998
4628714963881682
6337693535233241
1033100454358744
1184649562842545
9058269847333428
4144513976917817
3378554746366793
716469279961499
4787635318115974
8611632100770055
683107706203342
6909249751179685
9852040639680300
8423002330767266
426175137739079
8259836463500026
8176839842675608
9821142658913431
1825475233606924
1211998422119764
9456949679410677
8835664746357963
756257904022791
1860195615367048
4368228327510538
1613594441024640
3693809487991785
7872503386520765
9529924215577140
8776014268703400
7406127211329217
5643670509214220
7493615889124396
4486699562107263
4163583717669750
6202688794122339
8489010780631581
9124432317799097
5757219950453019
9954282419231734
5756155789082078
3265208317184741
7698498161009779
4168564525265443
2190121320293717
7128568114794552
2035742901997583
7485813565604854
4291351877456364
2191120258396035
1961711918364857
6199809469794734
460013211752721
7256856624181051
3960896937359292
8576105163536910
3452112379537509
3000308404738971
2758298343185791
3722976035970326
8237501738430592
4520725999992449
9880838287760370
9976650675691199
3842099957088807
720790953011598
3763207320389532
1144992522484649
7969510598656178
9355402333050469
553651280175631
361831217929921
8207293533862170
1789286594965583
846834954859804
3687105126992159
4148264637351566
2626028058900841
308140413373700
325594061132471
1470124568005672
3487673415764457
8292480256623545
1495382007742660
755441183742078
9912703308703974
9805585444631381
4003823963118018
4742853346783230
4287814422954552
5112474180307974
9373155499602969
5485571985614123
8254680820430349
9178747603434556
5927722753845569
6317133618285344
3288486718172814
568872278841716
51664760505245
7258920989227181
376622548749683
3952269194835331
4908887743332028
4087996922245296
7297006908482813
4882095353969871
2114393975642367
6542676042060204
7580352409750472
8227095067973949
7772170747742592
6609716375189916
5179161096616187
4934376426796858
4333445904271304
9777777984101225
6232348156318143
1514531201469622
5249435068964045
5605235382504599
7002667777132326
2337226620770574
5601189936972121
3660797232114086
5954434537156098
8024553015513376
1342141357432391
9751174280220009
2145788750374598
5663011335203082
4065495785134934
6571650034697256
4873538179910772
6357450375372975
3398715161995310
9551725774586029
8024819214462594
7225018672688299
6350166385643684
4062820292504104
35298885339031
6388596776609528
2248291118323349
1280147489933189
5466614743329341
4729073870971298
9650188092728929
1006935413992975
3805979584712822
5336396014116037
3421173918616328
2285715065456055
9049797888728879
5663414368464135
388664702277429
373415458244942
5171262575408887
4942956036822867
4618924745213456
2243376475983799
1857092114797188
9517089640435658
72955007456348
3682234814882391
395783679082685
2565682448787116
1161184483869501
2601390667728243
524659340966806
8956707746614762
7074818662247223
2099755343145960
6172875383152487
9235024774561783
5379088247742431
2855290200445014
6872038568374025
2276756386901478
3033690367519710
9419096416018617
951824401752676
3044181673229864
5326638848398394
2733977012457908
4238646549332263
7857701556312422
5742427109312102
8860456715365569
3252184037533001
7191448954810787
5448024758813466
3494457915437342
6144630571177908
439628630877184
8963168852343812
1456745755950300
3457563025352669
6857136746032732
2100486908089280
4581053372595577
7269862737755572
2824907317263936
9733955124734546
3663265928201274
9770339433206427
2937598984921141
2228294443341921
3242328671878389
5347912443788259
3032097513241897
3884753348711454
1385032024473896
78858062193604
6837032730878565
300149205481335
7061243280957771
1572703869781985
3436307899498364
9771248718616663
7612628714351236
5885405255062854
3415058591130019
5475407561753707
2242502937148935
5661648225300695
7862446491170669
2092525421343499
4681313206648667
5066036766735358
4373525139320398
9728527159249524
853272801225178
2564899353562527
4695429367386613
3489090327205383
4327242903966183
2827729576437074
2834798909634429
8328432161565563
9724197538923405
500596963975680
4134577152526183
8785734279070001
1579455432420644
573454029305230
9603795966362148
764289104148501
3870503717060025
7915609607915553
4466024308221641
6706011714401104
1661515447414788
7027253313419180
9202025645535599
4257776113566812
8884927238568845
3615621205593569
7133690104281508
6286714165968538
6971242808907229
7033228207663946
3165350293014922
371429252964074
7917605927049903
467503067339063
1984470371327282
1758441546172145
3179122187790449
1934463804465935
8023180484683398
2256257156090527
3111482874497524
3352225581538968
2841837117134125
498017902383843
2337206372464238
2582944546526749
8406500403529630
6759395522464568
1602793935759099
8896058316742426
4116806449837644
3971646415242774
9608939718066376
3612131893598433
8217342203873504
4116166440014605
6433500155854296
3254713936116695
1359287657231956
1835569746869069
175770620475748
5632939553292147
5625787731394706
2557380242787043
9994048891158255
231787320770662
7351829102990924
2344896247762621
4812513669997720
2775709206084326
4457945235264852
419615657119419
6486385511581983
1935463948135940
6157367267031579
1690799744949070
4500326870682398
3706298434283385
3964936738884518
6596981413147972
373607072196232
8401450592693151
8203319421715184
5807870436574678
6634625427284717
9170096918232212
3847845430522733
1125589948988461
5774128422367903
4783669356459636
3161767943109991
8928263198376235
5665140172108934
3210567057846444
2927839753022012
6012045932790992
7339801059873499
6228307187427268
5524004654907340
5881389048843801
5806288638251525
4963862180144853
4048141134628603
6208664575625805
121370995856540
4606765068210300
8715935840968189
2653277579848480
4469404066701928
8011865736577858
4113280905474439
1332954819052138
3340516873127846
1968915869845930
4242906583976461
1219199132678445
4709908368125628
7570727292035139
8600780747840664
2404283711070333
8369091007196661
9343594640171704
4995857078406311
6300084329939411
7097304294183199
8970107809661153
9035157836583132
6934799187849066
5271740442130402
1830816232952918
7032219505590806
6265782341620779
9644935869322104
6691454572707399
531213004607552
578989494876725
9352296954741030
3058799677681246
5189862632650554
8225901838128543
8808714172004775
7971574141813722
2811678398288462
7515938608138549
9409673651601691
102381645957847
4590016545577179
2089550469435470
2499900538956513
3609009318140242
7927020341957799
5017517326677526
7333630250069487
8279170065712556
1472928943895743
7174855654034941
9001723717133325
2510261936479505
6509734101188182
6690443470745779
7524581455251556
5904313642814721
8956128483973095
8665453521216975
4061897892979950
5871258154831918
1891733588403105
1718032670603280
4805637663658752
5472958965207920
2187824828069744
4495200844556473
1979014218099367
6640487050938984
9693429442332922
1930042927220137
8234417177092579
7069247795385102
1195510105414409
9886542728912648
500149120192153
8119337103662656
3092041078991251
4328657575889622
6025046491919762
4063977532752604
8156464139542958
5624919257353427
5504260650181220
9843367273170098
9697389277920229
1410608765064713
8601182056390666
3043263927513837
7849087083053373
6240011033180944
8834623509055039
6412940063902696
774490960486143
9531857789919304
7958438505222668
9824001695804763
35918595632510
5966792558711339
3818577146768704
2596444898688775
7933855920574711
8949402249757120
2121586517366080
7931999562965183
6223631294338022
7071639647176702
3264802717870340
2765767408938398
6631248500138245
6267812934062262
3002988267463737
5935505977075442
8095556600854791
2421825909503230
1898267803541145
332865894586814
1572144707082285
4882902133938960
9296838179199001
5412654891190846
3069590586893298
2192526989286209
9253393134688305
1207802451724732
7069142445162605
814231162939289
5542369317965940
4762619027908462
344001714845383
9686831083752227
9842183065395383
2173711046271841
3618787085869793
5281961675030578
1938662184523992
969593564242651
158452380743755
6553497336455533
4939655247399585
1842980918954194
9010715164289799
8728530696254074
5673626071297662
7538470872442622
9083404999135306
9507098923903454
8950643368762117
8489370363205755
2630101292032877
2310838845920549
7257537556816119
2032034393658961
2767800242044838
313788248468992
2398601024445473
9999585678602434
472384267580263
583154859025038
6605144943458116
7496418534728169
7679088895157801
8231612155571676
2326899446994074
4600909204029178
7141256395325223
1416537500848774
7084478732678417
8699322667601044
5348989541662740
6301031201400918
7543702696454426
9618251987468055
7237535338338295
9838436279516174
2537629759831483
9658134848823757
7802047533654378
8259438485365317
9636889892568100
4556919653033697
2364751535414382
447467663239692
3372796946643955
8499375182551336
1993380317102123
5100843913327904
1519952166584854
3165613201459059
3559817540529627
993490937576682
6786816265777123
2675866209238738
275591278418549
9954751167351421
4436340357975461
5297594827730316
6379669347789731
4953764218522219
8236275598279521
2664730854043462
6795423843319750
1636845437888415
3758395262074911
232161497809259
8920831217094896
775383866575700
7955508609882865
4159764168257058
8182861757496242
9824069298523250
1776876313603321
1428305451152463
5292711786290883
9570348948898010
4365670594227963
3239018598370492
4242065637839732
6252923813829420
2646670860797548
166030741554871
4057881488513383
1400544669576546
9301398202018355
2325558903296798
2129440018470735
4440941795279331
4403481036180476
8257686000600524
7338480298658687
5975287102053126
395279351314861
2828180668116599
8359296147968900
3540871157678338
2296484996655852
280698606759520
6422815690654129
9273593808209092
8750970492972062
1192205524037367
9597550615255842
6258038082831091
5263951450113812
290296760274856
2708492804699158
5091629235302759
9160643262360964
6262315338800787
3404723133786394
7021662881383625
4438581564661346
7453005193187857
1713956097894315
3197224812607602
8380374980199046
4759658689063559
3482901847749994
9807665981344308
1188047190375209
4884563411706329
5363915711729732
3251049329796464
6614483525169423
2515211836231744
3779893172387676
2041006036871153
9553675891887651
3228630528871782
4275525592072533
9426320451558704
5439867085695823
7897067994889196
3613765644994847
6678588368010910
5198159527139467
8075682552338374
804702740792880
5524003369605052
7724609395893766
9924734586463493
9166254712166390
6128009459978517
6718435705628416
9892016594993182
9587122827237200
508109782084770
6099365220041791
9373152521081453
3620623263428170
1238368235327395
2229757895392193
450220918729944
4066510892928951
433762211027808
8469313536433414
8874679528659424
9099090639406548
4169353527333688
9432049443194006
6226438877837
9473759829483085
9435601092371081
3492806536009358
5730219018511490
4341656185310751
8220818562193892
6204044639133721
3645769154204912
1195227655651059
8148593023376009
812367563292566
1599751518770699
5662855372722319
5754681467933188
2966734487343535
5759178453373830
1486838770744783
7862462174602317
1886929922883677
8776088105050912
7390960752996617
9743649926177960
667571757569086
3321360197681052
5851046912095541
4262306571072505
1045014316247389
5835766819976098
8146611796347329
6345925298878825
4210239396360139
1256354254648751
15562173629712
8330136971455629
8690330870829353
4500457179436370
9568182846934051
2176884507861443
4693970361454610
4503528301864904
8460560506498229
1842535356078394
7148215939439575
4659863935326932
9722678286764835
1613040575740783
567034396528656
6086520807517283
2700271364310357
7487358658423731
758718050784010
7569723476200915
6785718619727573
4229581506701073
635329001006732
3072724557825772
9184937538034924
1015085267395903
8492855499680851
2805075122512920
3522669846129741
4206132363734465
1613021881892874
7421065309410064
603778226038557
1488960001967616
4656375245578021
5590053097307086
9863570126304932
4524628376519146
7505139483732616
8464108275537073
8104583080983201
790933663525561
4832380397836128
5571683581225954
6775812885948067
3002710428722258
6790011928103044
969338283392223
9545228416105283
4050299740305633
9246553876320156
5570009208018660
5073278892045479
2216962727676355
2411071541755611
4889505472493854
7107662251050868
2965739781295781
3647354329790281
7811407937764293
5621010151745669
479251743830151
7756451688837948
876922138552591
8965628435294879
1814405304359089
3932038503953053
1373070599598454
4648107400857919
5973176574013609
6108386246999874
5421459191823168
8196221702495377
4570606901039497
1649784992126031
7931128090657814
3081791991592907
4717920489935470
7362450551145105
2621321272685991
8129220325268693
4306359145082720
3031863869262002
6156159252115293
1303117516296174
2982492063399596
6632023744386561
3632506493716005
3225634056098875
3815539295334627
5365635465287883
9334363522935184
6140545220953939
1907320932742028
3838478388109293
5815637606173973
8923659238560756
7057991350831853
5634529279277840
7341773092860149
5617859837331608
2542258827413690
3349891613462789
3799373192304460
6603926221565750
3579652927688486
1239711517287216
4394938567736621
5774633089906470
6374580377050791
4874762569934528
6262934472341920
751143621026826
6244404693993593
8905754540774486
1357278282548529
3188634012965446
9276805453571134
4763198417534323
8208521252139608
977644307202017
8302863207978403
5606292695169618
3453864173834095
4749309533102455
6342471729689304
7228962163037922
5560530818039113
2509027263301705
9635964814685332
3375048991278257
1773914323943688
6258451347700191
9022402770842419
5666594443485190
3529678542286665
1607419906308336
8308680243535834
8803843587946574
8519568075328409
165207229448018
1255726526516618
7676445498483371
5467221005530372
975789339341527
6458514311542550
6491551214483333
5049889844613776
3233697320640102
4375969925823290
7242715572204971
8340947492806947
3870394667997941
1305953826859829
4179101834998201
7354808970934142
4858510290390417
1593145477321162
7925572479749282
6994921515458712
9610254844510890
2641382073513950
5774837284085982
1989458504429969
765593309815747
7771319865077061
9824677244044659
3826258952588038
67346256383803
8107115772498481
1718732298285232
6675652481464137
382501238580588
5156817060922510
5337716689647097
7382617766650304
60773556588575
2697472653509955
9511160288503498
2815567206824257
2742770611490834
5461034877060863
8653957341108521
9824566914452752
8079356058951291
2934154846561291
9061558792740038
1807758596094795
3933505982156982
8662412129404831
1240122263289011
1677825311311054
9338983626051225
9546076419870548
9780051748244132
8704795562909921
560442574615014
9099825932494184
3202990775465896
6979715810696560
537272820795439
2653040133394417
5358635886229623
5811287963128660
133500539140031
1002722751425681
1993446452370037
5578371737787269
7351037080471596
5288298807317507
7845733417290887
8255245241247768
277095132377765
1190941319732891
9801118299782595
6033859897136358
9580300934903738
5725850145433167
2040048860189755
3504504629960395
8153437731136282
1074209328696201
3429335043814620
1608746976450654
2262434914733953
6461001973258380
8966901964925336
1315193348566668
1459004711654805
9020991202276195
2956147922867120
6303356216904606
6211162237949514
8048858560133920
7989286447723688
8767847118561685
7458090427982538
9137749532426882
7926174850875983
4133597120534556
9200856446293623
4307793651370760
4017727151558560
9956362527839040
4826035969783082
2883162568870201
5236036110023110
582364273655198
8286928015365454
9919282483073867
6021943739707096
370545203774497
8900131054111930
4937463054715096
5124291297572813
2242313756160585
4387568383770015
6812998609489598
6684121177369312
3249780383525958
6826069215050274
5070396441105442
5596976250376011
8987733878925594
9317676680313725
1776666286757151
7017201927399285
8643152227111010
7252144812245635
5153030758232047
1882458768724775
6848230344338782
8896729129358740
9344274689713294
9710783542801912
3230565316573798
4688596369139842
700498635937598
9073082412793715
4023440744620345
9129809287493884
8808806037495769
1995233172163817
6313884024267454
2941754851910801
1463914450999177
9425265788762322
4553707110797562
7627132897530822
5478506959977003
7996571641734335
5078029192892644
924188334224820
8616797628365102
5385666338993916
7384565547801044
4168072037966018
8211796162950270
2212693731225206
6906083930525452
1316681685892567
3220705975905896
4547049807457412
5165595691969506
8953273934510388
1075193100062055
7673721767088917
3408047532809463
1433436112945368
5017868035668040
845130488199234
5303029430165167
5557638477252863
8812863274838651
7200172052406652
3985422591772872
