4 96 23 
75 
5883563597409891
5339203653952407
9335099222206385
2301142609453207
8168810522894276
8384470107057834
5920236576569389
9378898182786830
1899788710928577
276528241819982
5391300886859929
5368470412970155
9457079128630788
5551110232047411
5983056922553968
4155595682413375
402966209349491
2303810380292854
7670074728786798
715108041919012
4960893786416766
6398314074495201
7301464165077887
1618508644538188
1758338004390599
5709716724584769
7084244952419305
393669584977935
6456661288194434
6906152019847824
4610835284549178
2115553273290457
2420192585680220
5346850867343733
8289418427706538
9570263603947028
6817897241451107
4274963163897463
3039098847056330
8110717373820765
2523618871367147
6665502280413901
1330050761526840
5835754251708197
2044974206949579
5690054964302233
461872829254699
2389057407529532
1317351673515124
5014260296176112
5436611708070984
7454271745735200
7012803637399078
3956309236705720
5634377951992929
795049969679431
8409345874281078
5784796406805972
8618677705022253
6662759213857193
3426980974332213
1090658853615346
8804536687710180
6571720677085894
70681227451267
1120151812022249
6019414546436444
1924149348492276
847374090538830
8681751319878805
3916689273629684
4562718756893287
5767358523433946
1393251678836884
8795998446919794

