24 11 61 
3743 
8499766264098517
4322829709276397
861934967416263
1009375784385854
5338659216616512
1770827205015818
5322555625134079
231943219424342
2119841276277668
1961344997285655
7436114407278733
8016578598330755
4687960244424178
6072707042949985
4374150694424
1388697512800816
8047473765237490
7179056555852230
9405365019954842
4719188623878372
9860997050534381
9259006768257244
9019805692787543
634860142810546
4927578097167595
171034156250529
7337862353186029
8945911751115350
1949006820950350
1621690846608642
1717612047130572
6020566950659627
8930455926292193
8876094884760801
2098053754610568
3974211696179148
2460796536174288
7301606524246725
7484238300193780
5638863637764146
9859182101868960
8282619962946493
7930282936209323
93824602773879
1847197843478496
1611120670678213
5288298255909422
9757207935832091
3254604310185609
2102870876945818
1379322645671390
8409326262846698
3719414472891567
4006575436548621
568937895150989
3589991199857537
6201271377598955
3474420013398910
977530528850172
345362740981610
3131591360012538
6960919421650761
7787232557650251
4539550263773712
8367692422494128
8513063176491866
2373761578446270
8727173461496763
741252505871485
1580302133688130
6832761582805052
4061822354843713
4301302457058359
4088169937253560
5738805191004778
7261476216325326
4837582078767572
7490747048442475
7121485907662232
935495778968147
135401179492790
5644243532996827
1711093465945356
6723551174075427
6534924985642133
6985075691655117
8090108436567360
4384931311454749
7057991871478639
8730253137379309
1648037120131964
1579749981362866
4824819308869076
4323144916318083
206163301297169
9784320192692261
1889665057236563
8013207679188118
6439409778887851
4106350514301119
386267438767594
3321218268835873
4291202002508153
7423975335140784
2737311780475311
7098398903189179
4101902552106046
9336400338482518
2428902362969390
4164938607666768
9257331803971137
4962079401662877
5618673523916665
2634283785524665
4670624178694164
7343885351611321
9497886022322310
7052863990002240
5063213488100685
9337182914804607
8743258774297231
6355078551779674
7120494213349304
2005339000346522
6960468113922913
1685986172427026
8531354309907924
5477047591959361
9694249539893366
6596685427080192
5972295307570310
8058898155576594
2950934922445065
1985197784605980
6419958931897704
9738391913724069
6444883059678161
3203995766098598
9298365784272431
7861943702703936
5861445113684711
7871761654981937
3034792965623555
9930033607195615
1175414196489579
5742797696159927
1320148828893803
8239848675079215
1788137151968411
4294867990463354
5211339499822273
6678749157060267
8337526521439411
9975132649168212
1270789850806625
1829041149152976
4121841554632217
9989942209880261
7336921502202091
966674046247457
7883141037477868
6782693314208696
6376414202638672
3791000872065853
4712645299839270
6399219057979752
5147481173121959
9872981084093787
7400153287557309
9845569875632964
7890633115603763
938917927847717
9545365497231844
3642704921233959
9938092190424483
2765775473652229
9096580664149487
1821690737917542
5226370333105632
2739883427519477
529333576436740
3038334001978480
2051734716582697
6980024276201131
54065103278627
6508797879296587
3019565362566326
5740804076291749
3269198988346175
6522325713252697
2773392091714629
5992728647369820
4981614932172846
7391873847502397
4466400848852071
7365326312303405
9687335292772838
5491858967816400
5599864355926289
5005239172547059
314484071128759
6305801268891694
3632063743847383
1694379040178586
4136227960239119
2549918002458140
789285709047622
6356189013206478
2411276497571246
8184381578893579
6843149556877185
5578326646041568
7580860253043370
5199969403621530
9687199875726491
1005276119633833
530726829766472
2609727147205723
3304616105055267
2913557147506689
2555088901938623
3335391699896324
1612504316856448
6389558767539870
4141359163315402
8729613438724051
340479202158847
836296044143175
6899532329066123
9585011393176230
5517897326224402
1274001327909216
6614542778364030
2969124826363356
9330530478506178
2984814876640104
2135356981023133
6604755999662451
6112087118847346
6695512014006476
8705565037074221
8653667010280495
5487761593619594
2466386006766197
4851639848420044
1552458329456324
2840700456241646
4830685624092966
5621708442100188
2588426279826518
2400994124017267
4680148998010362
8182607994398996
836875192297794
2362154391666278
5258409956502095
8415792832543861
5602853476001133
7851475013609098
9719105053637994
6831690222167983
3911547063525248
1700737047361606
3672614874027892
104808271618783
5330277269808585
5083665822340814
1479868070755116
2967013713082678
6596006071552345
6923758425252361
7667461638274331
988977247726114
5304735854232484
5571137808605452
7356211091003896
5387217668295519
187517166472424
3885498733864830
5174122351750948
1917954702093785
9681250107774979
7751543764245569
8879429931246188
6256742088891859
6824638819385832
9423322466710754
2154741955499272
6199759296216985
4212678338052959
582733589189127
3141096405573910
3614011950013019
6435550303281271
994963909358157
2604386004565342
7549918322995728
6103795324406348
9157328142621850
9715487894123474
6363634683148053
6945492370351485
3759042577112623
559489792617990
7028658346292767
641423090340508
6776160970427757
3229844849546150
7447583541179167
2244464563764632
1647119647001130
8759308686000920
9491220331216973
9157501871085100
2375462075831904
1610807252800093
7571958824116120
6357396447370707
4051548499906856
463250378569150
744124256612854
9435178039053307
2270892499191742
2636106096961658
7753017351271415
7158367042503232
9265891194413516
8098621783485005
2234697893980980
6642481876947075
5884212987277197
1989139172950684
4709895940756176
6220788360758624
661964323403099
7171846683002641
6276497588547452
9849722892766649
6105544436878356
2238663443259076
6806851615798071
4650775153520539
6377335768815302
4183732927841812
4234005393231039
4096820778273282
451829471198599
4149084947673224
7513929312650659
1268167212147033
1983917730136040
7322058360606349
3223630280973176
6704739043713762
5867709372888945
6809812496416064
1902230550983971
9743561436476148
4143680820609438
4903179752174153
8216295122064709
6803776889361198
4878164719636145
5230357551663577
3453796209993562
3147895520114507
7186222611455362
633657849797372
781180231977625
4031980553826930
6481382820186653
335181471272533
3059455549162058
1330302845679046
1981672192067205
6919833554006473
4445533624113777
276365433248324
1144988539999674
3655913445677654
5526847200794499
3050849693358946
8589680568581809
8878387059656840
7978236059235619
2727879987471
4401990756177003
2423480457134921
2528841678825703
6793639501763249
5498959979589368
9654027365245425
7100733769227536
9606486362000078
3460941220121664
3592212276093054
4639776274662793
7455369012449308
5673369354197053
1170561838105436
3655837755668920
1730166473674656
1815144303309905
2786542423361144
1928536022654054
2440152493723831
8376418323611492
7366202113949550
1761855323894400
5235122751312396
2482329827769457
1795779577792363
204929748546064
497691858640986
2590384974415801
9754847177609832
9443709396753223
7843180493666951
1812919064716491
3571876082544915
3367843581319911
5157629808485241
4076524280593007
9469052769374602
7748009588821958
718993368123358
2907600757022768
7955079502431392
8106701590317474
7600772082166499
1325917041144837
4558149545275081
8563598377458958
4492958498640416
440504507182649
1957416771978002
4566551443355908
7396577059317132
8344188269213353
2583778899779173
6086168569414117
1652211040163167
3936133532207607
4213483663815607
8920428222276376
5100452191448277
8972621027759206
8280468224888649
1343230081548661
762856510340842
3837920270373287
8330140822704939
9326970964719161
7965443879905669
3166249633832003
3832984919785465
1643693359216755
7963332210319857
2867177775669532
4166197676363546
6448683309638783
863523457135590
3421857428697379
7664444007129848
7869496717696723
2835549911556791
2173003828897743
4654016600716127
4496115190548006
5916088950924591
453879626598240
7294447261816686
6923203924248819
8778803319859551
3009682329667517
4020677355615001
2441536969766906
3103454361477381
3974064018524161
7566170172809130
6508182784423027
1616012196969490
5175133145182504
7558690064472079
8552957841107179
6330186428333556
7097992593824274
2155090442603181
2242757118517287
7626929314142872
8819869657484004
1527579053493281
2899167603883638
9664597890217612
3952795057526544
9290780820566271
1276641522440710
1179337688784173
6868310050118675
3216470229745714
8023652682818378
6512455904048661
2383792015071239
7619305368474581
2570209273433090
1325095879385783
8992211761107587
2996091099756400
2829607878489440
6412710219631480
5602451758257667
4218153205694640
7922632032408323
4393905240454652
696812540863199
5967249535177729
1208976101254137
6412508184738613
4764995329701587
8639362267216205
8931150098693891
6616697108937118
1722673221700384
5961636124672954
139503283520102
1943048560589792
2628700206960832
2951414328859323
720014033693203
5909909662203048
6624962046402654
5879240451950872
9477439600663958
6037621226672291
5850332663374991
9245742060349645
8895398282164757
172359742433378
6769422963302351
6616476924638065
3173697869962060
1929951651423414
3288567026134791
7199176516826043
7848659533244871
5071028357565525
9942419874788958
1164690899623037
2655188625627343
6764082192899114
7189713179633797
1214140476578908
2009000973296606
6146299641301503
9251480502992314
5325078628934835
1695103391358169
1391085608918644
2942291711773107
3168470421210883
4595707212412751
1561660127230072
2175680777858677
9894300004487383
6379829880752515
9819933326878626
863899978548391
1963751773276229
7048839058191592
4213126085669108
7055034218536483
8949317208030346
6342673897895756
7573868496102536
3873226469284330
8852372100367847
8187707424046026
6812882129961470
1769452689614593
7233453107844024
3373577352872233
8912279384958431
1563148414470661
7347622847727900
2606452084137931
4026655966652857
1547754626426574
7602706512159864
3730161643101118
2062093322139046
2334668903066437
6609873422429704
3020257859845669
8246998023440568
7456955064956652
1738054906742898
8385035962806901
934586145149815
1872382528831692
6430811098609583
6912123105231626
4627649388484924
1680389321807092
8575957305318140
3937214944320738
3395839607487827
4077609529217000
4537220654322426
4167264517144464
2847697314303913
1130281448823570
8027130731276438
8946972902070578
1474430760245925
5182523641156641
1365548427161663
9216108949211456
7630122811274012
1990874969608454
7878527651010419
382049822583367
4118462716872734
6430571679590134
8585321624129917
612075512034085
3784887560852134
8230401099440578
668813549763867
9774748430758329
6232406320516090
9635473299683294
4952464549214229
1873533077124830
9621296112923936
3476442079230337
4967699419149768
9824583692560699
395683363547795
737477835535333
1356081894715493
7043567560313450
4633839209646589
5524513435368544
3507685487536816
4549987880557096
5123914911195190
8092577980439636
3066808738202300
6840596684384178
2770120968750920
9922750778972832
2681457779014709
2668130546468975
7345886831895685
6969040835735957
2239338486446255
4230697495413295
2498220081409905
4682930552591791
8907869010809883
4216417858579242
9930661783139962
5524973907699726
126192748402003
1812385470832092
5414209959308651
7070210957459825
4635310634226151
2800890790505335
3408423777648747
9832038534744884
5962438548492256
7396637701302039
1358734872349663
9613445148792143
5882310188206438
8089768783511937
4749577304339731
9003555000702723
9990879086912224
1625640463262200
9741400154451181
2785094013749867
1382721924974071
944089910805479
8171988748879578
415090923277426
1826593858827817
5883298564218702
4587497656760173
6654886464233355
6407574562855246
3848334878027104
389676803698915
3625818141213326
6236200860599843
7027854780914382
3805375981486700
5297481637571838
262690507115339
8860832918406869
6668452592814956
1598417585093447
3482677474807822
1888159407130696
9631944520601283
9836853147969507
5749505834854218
3369722009593945
5678109321046944
1236268180072952
516365307456716
3729556945359436
5973108422151824
2399295892683560
8171611587510512
3630534739006399
7594252619110378
7931608215143065
5606385994731280
5471048383326897
8640930015476370
2671522350950180
2043744763716448
7635185902968896
6172097874407068
7135583854480300
5584974555925353
8578682234428724
5218723366638615
764090207954230
5636453740500794
2167121904889737
156312519472
9034976808325243
336629249480242
8955211274116045
9612579716722120
5881747160916
5341171447065833
1582602931332566
2444579149180025
3980558646381117
5368079546268281
756269132205302
2412999652348981
8802292876747711
6859991146548076
9405196035013221
1888303499933283
3993977458129355
7917130301796516
894909680073774
4623745455529619
3397324836086524
8360796393767852
4288714473739657
6754552875158464
7765265657330235
1511547586023725
3932407319691508
2990963765081361
4658697791409141
2281764057467545
5676893088609690
6691009506294374
5087497069945013
1611133831270417
1346292869994568
9252019658415899
7235551713339187
5463324875000782
2356798652442290
4068077702437040
7243181918752651
4499271637766946
5708838834525737
6692149797763877
4796421085342299
2547937498289591
5038374934658766
6393408417721103
4769741253532209
7684423611671160
2690773097151517
8336363445218241
9816769153609707
8838869631571071
668308020473841
494523600796619
2877639304247736
662363953638396
248264696493697
175729899933725
1413032536499985
681566593550461
6765117875285915
8035891041224992
994608320212575
6399621737871199
5940337430138045
1712362465509100
880123621308820
7802291120602596
6954996919218613
9795370012124339
7490391192927998
3401806671248234
7182064846019044
6456390373221637
4765437088760934
1099654148949989
4715827417434715
4870392036852181
1129797815802374
760808852483707
5249943391758950
701343963508143
754491866321637
284343649539954
5393969037492987
7706863551524789
5159480454353598
8495082132160156
4346104960434056
5777524877402319
1592657335727010
4052766294623030
300572126976805
9887967458836951
3738640023206545
6360579864582199
4484992373585702
2527879721452698
1700594527655493
7661238978452775
6892909251826424
2366196640652690
6750365982546121
1819848526419586
8176225175014626
5884802371137590
5779912501118403
6215592098430288
1608352883272841
3085819971175828
6533743187315835
159925960035631
658712162962985
4766889464932003
462026941318146
2180503637388818
2640705641300544
2859024091201885
9741502300413669
7459031040691402
1818832448184446
3710170574252407
5160827611184599
6402652826397769
7497290890807522
9831431563480856
6076014217925157
3168623705660064
1964187069259656
4767916184104424
2755348911893837
674944164660314
8112513835269454
3596407961940338
8163434280280397
9615485057374776
3388046138169812
6940980717999249
1281217013201809
9627785145592113
791849563941814
5837967973519707
5296969528434286
4866620334272506
6509605317227790
6896672123654291
6322818350492178
541222833715841
9261720980699379
9702808460395471
5644283642298855
122742559957510
5963221381614730
5821628072228818
3830608267581007
3215702890484718
3577128693825467
508607844302777
6390641163073163
5636179682335978
3139512497398929
6854786770679410
2949477951643699
8920957761485555
1573664793731764
6878838070094242
6762999633244583
1091261861692403
1145744504082631
9348181680137096
3869112841336911
9269389225278759
3402229975865428
5399105434833458
11595637183567
6463047394350349
888731038556318
1287046029073070
4100614329674171
7148905366665604
7553231404458434
1145223570467090
9444938320152496
1061202135601414
6626913433535197
7897328994578543
1371939467956605
8699553359441949
3181942388825905
2836710341278304
9261339490325814
4101086555535134
910680455988663
9393744977098133
5836008901262001
3525704787213628
3616973556047746
7600189412309523
7695523171715920
2112401225244917
67664454042574
5044679506010182
431734116400532
8082162803842506
7923661021610749
9458081874740035
735755114978819
5906103178585072
9250760329590222
3431772559740657
1117002672043661
693896555842503
5364200159929338
5896685968698630
5833154931364555
74471791170241
1371471916461746
8512202715020196
2266249207023806
6863526630382717
9599878961389461
273343622328086
5367556375887719
8658666173192867
5488407353601727
5648319209368935
7628000461536654
6714904946913268
7402614668338619
5456789428356586
1426668367704953
9556105966923741
2525051705459097
1211556293111277
899229946935194
1200223248721104
1419864345145383
5468124894449526
2397286551585153
3191435005287875
5598726758551706
861422159497300
4925337231881449
1054151629605476
1081182389005967
506336802656840
9936415151291007
8828731172770940
9816176481486111
4245785556494929
7686235667621726
324158292482095
7427174166994397
4632206261534084
7948341904684695
3504227700567091
4492505507156115
2334280641712990
7390209464116337
1104409563978726
6306296269332109
614345492632116
2515789128196719
240344174676630
9683970788741587
6644517317222439
9515195999152237
9185740861906537
268779622320429
4542779962668548
1843514458442688
6457536363970311
1493675437278895
6287365403386513
5334570710591269
1282801203785447
59181666374280
867301019482401
163932779662002
8588849873845712
6480879737404617
3293992816339942
9951110315817680
9069682501548804
6819399962736364
8533567142895404
8583208578598188
2562503678859960
4199959223484407
4218280121339576
528560898635604
5857558676315946
452117740869384
4315637230265838
7643642501900119
4171488525433647
6887329276477927
8083193535651125
268919153827841
8966424092443751
4336184005741267
408129023588554
777555490595037
1893293611717881
2467100495836200
9701743062611923
337698773512241
3334027071857966
107360113582723
1444373635803428
7143084597472213
5091241288013885
2002469364638543
217977184050342
5821305176824629
2400369292201168
2062279188012779
9282675829405859
5205986795737842
1554930643495374
195629372947148
3374466757947466
1588174295077661
2345912826236046
9980075471731055
7163680797174744
7672958302582864
3808981440432003
9597122052012959
4026784008045823
6025661689493989
6875678936076501
9203927177870904
6030231664664428
1538962048616735
9479676797141332
3377872693983507
9879675952681433
2447455224499065
6175863522276604
5963254337690361
1699128658353303
1392079456694748
4508984138060745
6823864395501322
9938205744652461
9875055289777158
3281669919367633
1975376590870694
3225438240765304
5526411438512566
8092171953170730
8308620913361497
2771111332186952
4382664912271156
8350301711858229
7884699986253241
997631595953996
2194160573102232
4788852013987390
9043556622757336
5130287216120006
9158282023732219
7310937069075877
7949494955974462
5134288122681980
7620276513254729
1749693014636131
7242771218089092
8437918918904103
8844965819072031
3175995302575226
123528648681329
707544121961815
2716063325063532
7258082466596332
2217860779241225
5905538140013307
1531598309592044
7260661220703466
8200543704762286
68313481763910
464061552873233
5072341744301506
882871955515202
7454771001048355
4552486785916107
5627950666560778
7467927433194445
6211433952410324
513155942919217
191996534527496
6348239965987354
2148471157303631
2474055440368898
1848252366609228
3893818297209801
4283791431111506
8219241433353664
7305658851240840
7613129162980402
3746877331946281
3270152607729268
8467399639453595
2098741660768075
8865292489115861
1530788706628647
8533020520704843
213485878430807
8598553073982673
1877792588629910
2197739616690855
7759978928288297
3117573034912477
3203535104280686
4605714467382557
8347772939372275
1201060922726929
7552815636999103
3767011253898855
1465961220452455
6803930059296623
55254597080109
5969275287799941
489904645466488
1024348609108264
2770153269935601
772634107411667
415520425767478
703309211082208
9159664307538225
1316628559667253
9769516504445414
8334328004046832
3924854070936869
8931974656695058
7856378069230148
3221067749566102
348658486724148
9954624925723511
3403361006930900
8393029859040188
3013432206026214
4459677693255051
96407473106436
4148725893768837
2728999030313574
3162151126887494
6497490257930700
3880076148191726
2101114061748552
2286818869438402
2074749252111526
9705933882846033
1598297986931937
4183489762305237
9540934113537067
687822060378414
7697855251998887
721066764326792
2807734359937774
6776388469001143
3300613178597356
3400600960446559
1838505676804544
9150324329819297
443852631764873
2479459140190086
1631348050400485
4599840538475357
5042330604934820
1474273044699194
7685179385835346
4308417605453774
3792071459921160
327848013316134
2573969397909358
7820497872402701
9316233113860629
2867702013426567
6845146355976092
7657160433938022
7450343825936910
1530731507983355
7288547102838942
4778507733234171
4246158454485740
9094466808740100
2610239501048132
4332119387612795
6149358028862172
9201197677129586
6719230664017517
4530892689858665
5249226468269920
1933065666989712
1859315418386857
5531504356027150
9062343496037954
6393092818582822
7289815112806432
8771007415342365
1736027151058185
6294788490906874
4628268502100034
8626216308319031
2044691934545881
8447448071721558
2508190173657846
364298529394324
1506647168031256
6935371867327093
8443054659450642
6957421182250735
7449331805017049
3992562943008789
4880897077892703
8277210915411075
1877512247623413
7417446310346876
3367725178608561
9780517615910170
6977250714171575
1605766402661383
4477322016142790
8763887891110514
9565047703331886
2565944833215866
3994457535065473
3664904998884596
4378607041869367
1597434042328910
4948740237906101
2152153159193746
7236992194520652
7938548617631878
5162493977656215
3116750367431798
5875223460226031
2191846540777302
7342937909425958
9818748108901466
5165071724178079
916917702327781
6706437198632767
8461258556412787
3758626509830207
4998826134931160
2318262511905660
5275282508441814
9628207284137605
4488935768840722
3698674805618230
5310318979952793
7495148876555146
4297066991049391
9078678300477316
5215566099495142
3429147711689514
7333814900785062
2128650321349850
4670030207875150
3629412117886564
1387677322728599
1206191268414702
8763448639601794
3028177046202586
2776063720310397
3776451320975845
3093852240406480
6680359043377218
2093401394719561
3864711721790761
5240320092992015
1844195616506687
5656986395415774
8963057112719968
6455502473564406
5646016696655741
4365005932779106
8723146822184119
8946441162307524
1848614558012641
8586391213542538
6659425105860153
6335814351857418
8984016577944596
7170295920096801
9806549504923958
7343862209399795
3128002818830454
917721943393928
4602456883714461
1789588749483295
7639273274916281
9783111625537076
3058289366564927
6558445442946860
4117317098662247
1332588766689704
6962462216107021
9313919249908754
5642371549121294
176062387865462
7558455277152531
5198653776638564
6561925143152196
9004978505603874
5986105898927933
6200514245919008
5326827753955719
1637717624497858
3497656691523901
4216416414001004
613428524687079
4154405684669186
3570943719546636
5064609803994172
8891981133901737
848998739526846
7225890027033238
3651216940315953
3067996991660599
6773907591831018
5110946636726435
6840885999329093
2045303210891988
7047105066257531
5481857224890754
3070313316766744
6552317084219500
2840353878008734
609816122747455
9528349468763516
2664296282898761
6984947705652223
4119522234198110
1180270871323944
5290385446478861
7227161423737329
4675391434135912
3724460997453543
2539360854151161
1174317602819091
1533259880735876
8842709374289228
724742177785695
7332464922179522
9139431993356277
549065207132997
1874138864638799
9245790611044973
5657600078020700
9841062551347017
9029818268954564
2479317412247549
6440318182250759
2818378076727847
1255950441949639
7307529855486296
7971637556702853
5697991021765742
621615710576732
4623347264294203
7524779125498680
2333869748417561
7335701142772641
9861107887274085
5933651982941050
3829943131392084
6874175337666857
1896097015549298
8680662195755260
214887690838803
8706152494708176
2779275274398144
4177921507074037
7763638348556219
9357207839922705
6772186107556651
1401927297623733
2004470719465972
1662047112453810
498656197655967
7646716069807059
6364082267396752
5291857738926808
3148058660456941
6748582958187336
6987984333021468
1027902555522108
2590962566791607
454773098340994
8589456993800655
665461000477876
798063930188045
6638175830488678
6704179591464830
8386501437255068
2061080232969094
7945212707883523
1229437613009072
576313043397042
5780322487767763
9274164937295345
4591874569344572
8113049477035609
5671624867841505
3023907543569024
8093879695318660
6936121653862479
4016817386693258
733682552487377
501376983495855
8715418768840861
5811417437766608
6059039564948726
4375546017994419
2596241327564465
5932962660479932
5745703803838120
1603496843067304
4636203392247087
3051071836677540
4069386398906445
9186353572028986
838979400467454
7086008700456838
1783582812674347
4616328814314683
4826725180489240
8270499758530915
5637731523412679
1608242419630289
8529155049011565
4826368582491232
3601519836192604
8464013401823979
2843088614547598
6678891880159730
7412332030992156
9205271154572948
1955679914489051
9409692585979874
917176067335435
5316602914189326
5151172268270158
374100338442727
3679683746451730
1745488569708867
1591009645623103
9646806448749118
1913010248571066
2256449766596153
3005088474232018
2896169538322439
4276536485248340
5602548449047934
1169055102214268
4013294557922080
5043409940078328
163592170503302
995641831580817
6181307895900708
3470462180990208
8717696310083963
3058016238494092
9619309365954392
1702532494962336
6381573514934427
7314756356853831
995987264686379
8990954953103752
2723125304580191
2988566264020879
542854113698324
9081379668708120
6788224122013209
6943500660515900
8113791954660604
9601555281558186
503087077902968
7288508806708800
8482626948772826
6611582858083301
232422315060370
3659609576908620
2228746410806951
2539830924846173
6239552230231087
2784361351799146
7532492142255853
6779308555027512
6449436279229105
5738668646501295
6077455551802414
5761573385347503
2186828890419636
3186426155560879
603500103025745
813815914891350
3380956612668031
1994127737769112
9471924316174286
2596042403824830
8824768839430440
1108131052697607
4972002028551012
3937397969760863
4871718298228991
3973673441981877
4275087753071090
3323463925373775
8530986919305440
4373505368872230
9028380431303494
1816804834353563
7008329433731844
9793977984873118
7541544291088347
1506589337648027
4489821266320329
1156233715941439
6151917353852324
5388125116606029
5739745654626077
1864539562643396
5030282310136249
5209978234037404
4743199082915361
9591441004084319
4142208490894650
2935793648372809
3652844943924219
8078971925609155
2991960118841944
5920861936231196
2955733050348748
1088561751989751
7874928631324516
5027534143109754
668244480837133
6513127032836893
1878002288788664
6289455983008877
1880019751946928
2259202670614127
7726449469504809
4072711051058885
1005730864391492
9084371401360787
6870306077135790
9037680275082580
9792113133971062
4394196025265579
2194825943605215
9906213688760151
7350430777790271
4316163688097916
1852728720831881
7908912122630125
4187724887814768
8614511602140039
3131693055190502
7040107488531015
414545120928880
3783216828039169
7829060189189669
6231368468831362
2983464582837020
886176079211133
1745793447779341
142481552021447
8290599625562997
7175551420241751
1449302676163230
7314473943958599
1532263949080153
7125156808524710
7543780206941394
7937594390936110
757943078664977
8224206766097809
2610340707336772
2154665778722609
898080919524442
7924208717958414
5677014562804545
5014285178360622
8143477301534837
8517109644758432
9210860147134723
3950761021024045
3420488199470172
4182842326554324
1587527028195386
1991033438700092
7755508872744023
392555590193493
1228542948896025
4725413182336413
2269910187618158
1014307151730773
7356068582023170
5712568389773029
4730898416513188
1413384054735494
4047549616018436
4050589312765928
3554591283840070
5773806578267388
4754942512246705
3396599505732517
4266820817191158
3683056387432657
2782367083345647
3903431953510442
2869273368534203
6735775767196454
307979488834705
7738315386627096
9610695432999221
8561863536134142
6592503042184518
7730959006386484
2262636371116273
1181610200064690
9577484508459963
2802836868762351
7539240596693409
8286151509282587
7434541917726363
7914228498780232
9844407736206668
5052364532389492
2997872427064213
2768825512486525
690913826949419
1076407434169684
1488781564037487
447748724011024
5329598825473505
9542885625500690
2062364994464368
3968777138143616
1910513355199787
9316804330234880
7542018558415807
9060226474282945
5891687901678899
441835313782756
385912142944624
9527062820740997
7297097631089898
9486012104811628
342897061118340
5196975853477460
6524870531946514
5274434748158576
5454102043266025
7512814832876415
8368372504623961
6662721608236726
3262424151327745
1797661379416487
130451621142473
4167668829076931
6594642456142605
7918940502859884
1693816247476989
6703631794367782
5296456699228167
7846638110617629
9717045926924769
3697400519485211
5037869219297720
8612748838928711
5521813015094272
8422538755158733
4959149834200418
6878295043018960
4627861239251803
7068765502903630
2894245192398170
6887478529900136
4580306416871926
3704617316335832
1320557245359599
5975605997581928
8716468554775933
257138775365994
8676195102674464
7608337005617531
4934326355694270
5742578221975649
3743823605972113
5444531246682220
4615647139273219
2305578358393637
3388281877402903
4817615336565618
7543479321671267
2638981586610429
8832141503067647
8282286204125583
7076012539127612
5683382010311634
86676746018181
2638798405673205
9398233216811808
2618108963523202
9633718421500730
7901893948905714
9231414662025904
6295553484447670
8247429398360446
9820866391777752
8134898096035700
6507930949423471
4028048780113738
3116155748114175
2057091284032719
8092937114439941
2842456330784165
8920426289495591
7292788596425401
8212594369859237
2753812722929523
6848954972685481
1147748999427933
3283519753239322
7452348382146488
8376489190962014
4909710528154836
8211417264996339
1599039311976598
3231596364952517
5238391601324854
2036317998992572
5967111073021633
9999993311300944
437061021696328
5311681411431674
2044854390394012
3566941621911239
3843626972306750
3461231337049261
4354058176187135
7691366769476133
7859300252653093
5823061571247896
5127867402230803
7379115125825441
8912847550064265
8942291109223293
3188989214395874
435338270663040
2772424564456318
1225079614020100
7739821826724107
8484041693808476
2397830082307423
9063699341575018
2823313551310354
3656395578373907
846394366320053
8889273689040960
5993632448914018
4800837522515227
7833012595317330
7278780530165270
1326324395261503
1314080032391376
2801752649924905
3492050556589944
8849305630129072
9154261271363400
8152694448731666
739031892865774
5425406872468940
4437978965125516
4796375497544605
1276148274033835
47063545636372
3240207983533407
55755142337386
3317784317054767
6050174109035872
8891333438511875
7678218102820186
6535738928294902
7290644109594665
1910661372448616
7959892124291412
5047131022096395
4143313267973341
5984155964710671
6008031706992851
9826319060950594
677300571250910
3302678885383168
9108425242428105
6605637247265713
4420369871904629
9145399370118287
5503406488974234
1608600102860258
7561753219467816
5229334839750399
2681290694301021
5029927069436314
5675965098169875
9328911364073911
3893358744571438
7698684460933955
3079011543362163
7237858546439758
4455137678939202
3532211262290605
1673520818676924
7154923933827921
7313915688217727
4283788191699567
2077034448331945
3878212810387205
6357964139494903
352413294797723
6328661169700698
4426842342530202
9523247124486107
8635304648403214
57011049895161
3125635173170475
2624431450861154
456232259315772
5245756165648412
6601360417535447
5716965462005051
9452294274045448
8083208466969762
373510679525486
4168000141065114
1840161555453894
7808922585915378
8099037530981999
2396772416530617
2175846059137388
2277303785630396
8380175879646936
1428319358925172
4863294716748996
4010150112404053
1338441218236240
5713067664954314
6793846958346402
812302850811047
1826234812015957
2937063760591419
6847180930749546
1410133430875745
4200618337331081
2219758649712516
318948983911109
2806896647143788
1136301552445429
7192766436050455
5465945546575946
3992813097774536
1985606039360550
9343866484169666
6956485523231049
6598380938675959
6600335696005269
6341140386572612
6815576396134540
3669742390858869
876881491733759
706192677409148
9015372429887573
5920014001894596
9692817072479944
7375404292911303
8999456222944687
3475317792627023
5208088134966372
82318840446606
3860351984791768
9655409393056695
2239105566436253
3973135213661370
7304556460644223
1098879601981724
3315092640699391
8554352245306429
5670423099621209
6973180708605366
1340060352882857
3820191088774589
7879158389091114
5979153202462936
5339025872583387
2534251691025455
2906064578776378
4927747628615381
4100984840577957
5233623216711279
1464759126425175
7968809667154094
9428149396736525
8834395469257919
2215155852177009
3699169224795124
5772910407811295
3028647848948691
7469104110957254
2313190868921645
1403889082322395
8195751164956274
6805403437046799
3745336661645767
4152202498061919
1235222301293854
5528781073398972
3842869094540614
7338759567116162
4185891516577247
8897471207430665
3035681122835957
3244784853773982
5130038754014887
9345869975513818
2961191780153554
175737901582737
5466421566065739
240645820914512
2580826858499207
8070901671607916
283458912166139
6345214626621574
4075103589050912
257632509255257
882563548925989
9232749876666725
249046853924149
7427510527699707
2549154465594533
345566511702848
5459942570877611
4448118637943990
7104349607307711
8348708553206169
7479379750582922
7583356247482603
5731868747922892
5053282810129186
9477236062797856
6041000128930976
2817740578237184
5951190428473090
7426725230473547
42453682088543
9650761912282631
7279002528133742
9607083235172555
707524127212794
2471802228331517
9022855306175824
2982798209729305
3345933761305179
1986501855597236
4372546261750546
3567923487200858
9803435970203924
2604895145036123
6186064833546759
2224496706682932
2348916673144545
9977218550196545
5095606118821705
5292780595801160
5018173118985283
4216501651835778
7570019063863618
9037669845644606
9529873088177953
5321697021576159
4823003402369729
5320977551296227
2238205720723372
5671562532380181
5494342911417585
5927689413855866
2889358942420727
3446232933732733
6993311370482894
7253393511593156
3058619913618106
5328019339706814
1263486814564130
8019040433332582
564308158235487
2334440071941660
9776551818342035
1182444661247577
4368930657438367
2117116129571476
1495985008893665
2446109833957911
1496668694079920
3165624174619473
7612530364743850
7168620271360538
2188920216243459
8531095134684528
1600904676898179
2310366037789855
7101051080207241
7454525525576247
556333981940815
2640962100014519
3016934418151859
5105327478151043
4950536237506966
9574700105004987
6664875682578383
1047754725938864
3415700944159853
683806741476949
2781346857334961
575007466100106
3664134215849536
3966945599592671
8295379198814200
8968975277749670
7710943861089100
4723070577421830
6699457289753702
393847420651276
6195906215837085
5443713710226908
6394188583269469
6552804504679248
3147783315877385
5851189909701005
3756861658888705
3299800609941732
3092862342880908
362867992507483
2421217870261372
9099593282002129
5155263988365088
7597287869800150
4023983336676609
8926904405346229
4735918242090878
6985158376001085
5419694938391982
1264187913105783
9017837895887592
4916507533595758
4679438072745452
5656461377147832
7604836225446459
4723857118770061
8240499621868482
9380768714018385
8394720364605798
5106935604158376
4795247723543735
9819509477009596
6469321198532625
5323164665188536
6806728884571661
7462963343576336
2954341728000360
8024459866030584
4786321697149699
7998032379847773
9761603467130377
7610946134546828
5126082866898238
6126185234819368
1547079991972685
6316206713879710
4563329285530197
1500985348361458
8550979295370786
2487930721455928
42421921075409
4238651015397334
1197750126469600
143409013013730
2156584173431445
4093175452451756
3955204550974174
4719750141372701
7529248328100640
8104153132326546
6335654033179745
8592400380918790
929990209998635
2568804700552519
1495138541247633
5728484966925537
181363063471974
9154171849082145
3357639041508253
1482848192100611
4754405913030439
9094181354248400
9595059239145726
5345995938142618
7682539394252928
5714586744088035
1911747781179845
4236535514851651
7724741922523091
2347154449154377
5434446110881025
5970396532047455
6483281190645707
5955016930162471
9646260720275364
8145856696595784
8473858732645472
3652670424914789
8815185060748497
2897602615968312
7255693039544367
7648027414230118
9457970603240690
5273501731422582
1573221968212177
1392307359415697
9911511284881101
6407537215077193
1477048965988231
6304199620522758
5759602838859948
1795942317325694
920486668571182
579743000468458
1771798183359382
6149477184671882
4219781024630548
4112067282049771
8534953150194129
4776847209180285
9979231016888989
7027120677900102
736806526193719
5152462110069691
4977329954129905
2694021106401646
1917766357962468
2023272971493008
2812386718172049
827421783536057
7950997014977131
3706623003958786
1326583210932812
4853529401081143
6483279872480241
5715136770806901
7611874790516265
4619312231826920
1571743643596565
5212783906768254
9255321380747105
370225023109286
9613781838335155
6399961895100613
5049550657367614
8938401340995197
6129768611539500
764545446474407
7969852677828556
593346854123718
8816550419501748
9978568378422635
5027795583913072
3187586780765583
4121323226394721
8702449351839453
390854750991335
8854241370163783
4848205659162638
7468482193679690
7425041074710402
7430825163937173
7895327615167388
4847128055276204
4748968588975315
549249828978120
6487363404546152
9130205520220565
957610985851877
2263922817068864
6414086023877349
6345945748337952
6620204254245090
3939667409624946
1523395599084211
1421559046685255
8928415930402148
1621657077079367
9041458817654257
112838402915862
3766233196879219
5908207697050157
1369432026936300
6317254048846612
5318135269089457
8196364280370004
646828738478197
1975806259622246
4660857167212138
8473568203263407
4484751577183528
2640665294881457
5165968493686596
8772614515293656
5617493380230018
5090252435847015
5486049720881661
9392831937351904
748524648384886
7239272129831075
6520392613343411
7473076906791929
1393521365518278
3581099781720244
7739695991155972
5244693504473572
915163800052480
8973653830974298
4674185741679652
5100840322167154
6416650003681320
3691131196198087
738220362139192
568881026278395
3955206908919171
4518744602916427
6668232043368024
7427484124742343
6070540097349117
9799247638820521
1982299290597645
3100680493928596
1803086192507047
9408523540635202
113831077750286
9846782000272182
1634632759235706
8756036539246726
2934710787834767
4400726705233264
6392718740027372
2433022176894912
7359509292011127
9443675298043199
4727103593498813
8468301236569843
1346923222852157
686441709372330
7426995379648455
7562471854343677
8196881993829932
723243045848990
1606195559967901
4809720113447859
7310481961557728
7743045276370204
9237057403616935
6438707798966575
7263016645917705
1569071669005481
1111310556336131
8453921573578237
3853241129599302
2395849393402937
8974011024743125
2414970259531945
5506783944125362
8265239784449556
9384368855283542
531747896917414
746190548690995
6844008883074901
6923078720839959
4124842830580837
7060831451798350
4668386574629398
2587310730753291
9645235861783794
3566845048633833
997112817680986
9965696512868084
2099415022732239
6095962303233076
7196319857970134
2201843876654710
4669617145259641
6189048448511981
224333198666644
1950719207845826
5103543804493284
8332494686073971
9571464589230034
293636492671873
4051402884887827
6732883132037285
7598521925876823
5326117819486663
5952366345829970
586267274804389
8658863615043537
7692216863467489
5536977213652022
1898739900628066
3801222860082045
5952218038736685
8529070382367458
3524349224879843
2874623619757788
832951123115327
1422742444458680
8827078390794256
1102576258654196
9487391203374456
1555751571621038
6383337495944170
138030981232819
5093942018052237
8792366230799148
4004082506675402
502224083652552
5109862349109407
1856703926382954
1583329689997954
8625221727735443
4041882308844970
2809490193536106
6834005686992063
8352213484287844
6410868193964958
4426687707071137
7200704467403072
9064800741152884
4852293653322796
1552577498979426
1267834430012961
1758798223110995
799490653293048
5043257184962371
4356094399486678
8365388743704928
2455573796816990
618188490683709
8561774372708106
5977418384897187
3172427513423553
4339492355390631
4063636995474645
5401935688291023
4564751331175220
3461488953662966
9374581924043820
1748874760464755
2389750469253124
7267469876422764
3825937089324965
3847063814045057
7353232011845149
4705999088447639
7163038828666620
5550812376192784
8926139848011412
7139314066585827
9526327282340324
8351681308624307
3139012573658190
5734504723370429
9146488905116509
8218085301763607
1044450747127059
6908844575015525
3604841127817146
9939187070583875
6046580124580001
4107996752310216
4196301441745593
4962441100792846
8874867522190153
9692620498292995
2365795341720552
3063650113224989
2902085912933840
4757062014007601
8270628584247652
7065044230607766
2067894810918814
1556215082102045
334231914472251
998258808661830
730028851777057
3264655727220221
8171523317191798
292567009333187
9742019419878686
5420408819776717
8831493431446556
5186917599192767
3261158307551315
5280402396114218
4995056509073993
3913086327460976
4480478805341606
6633648989082313
5609707229821489
2767014398555691
977335835357745
9934681481468836
8915622260728128
1660455134571812
738178442260186
1790176940745915
619122201617031
2934036353395645
4693954694317960
6982406731261095
8874523189222630
496046926178836
9476747378521958
9108284748645601
4296833541438846
7446353715970002
174532848574525
1614972839887961
1483040389669706
5102660582819974
7641083035632135
393095505049906
8504078559494977
769413463335988
3473893965089561
3937395799414178
4449086315461380
584301332702741
5996400881389382
5576209824475543
3420914806606527
5666511757452718
8843964519908900
9584627865933221
981930891650113
2809469539962592
9127119922251053
407131120069413
5696838262785571
7199817428923150
383612864443479
5051674093503353
1050370702341866
3848340198356083
2000271953007216
4331023801340560
3800821322684212
9003155157340347
4001929399980713
5906722423017032
2966773031724204
3954057195040942
4022997066885647
9473450520025574
1971917060860600
4984682430822605
9169697347568956
6527602278232528
6034479049663545
4624293896124651
3047801710724753
937707286197350
564504179605020
4766429505541337
2626018592703094
9426272918088688
6785014815640709
2416553404399639
9176528024359887
7610569983982445
5910452632979748
6528955606436621
8125925271784306
2388332821715917
2370064031730560
3919861430438126
1171439651469814
5264939744146985
8408208905722888
5146272505644507
5066281596794204
2743699000956752
4687778339604161
5043418970979355
8558894881512773
567907094096343
4688463449349765
5221038531513234
4920285531381049
4533020391497034
542907294977620
8669461659152362
4687023771721485
9774953429963225
7428621793252784
9066930188006198
8255897933396343
5181164046339344
4521077323191558
6968410294111004
2312949419048781
9284605545681102
3437089772935335
7185898533857055
1587678500581139
5470091463222991
9914652515067406
344877110694770
9788628745561498
4419688716730119
3482729848263808
3325170453303545
544523514061338
1187501060542286
7233604625561498
2602471654674987
9630024189725859
6247233729997792
9034123691120995
5731116148336718
8836954022172879
3510040910721170
4020786372229807
912129722734146
16077516823718
5997763827695350
5022908466877843
4778009532144428
7768853254255180
2143192601747789
3384849838873979
9517861295381922
6836706838437874
4350093045304522
9009986406868673
7356607814859583
4947309314305321
5066326388102635
3961931579468980
3078533881518676
5622323583571841
2944419171106780
5788202493403301
2068723963895347
578450824974359
4173379982509564
7349502118926614
762316449879682
7367564672597631
1242999466757502
4311666359461987
6303577194173169
7128843454548997
118783526030148
772845788324505
5634421653495225
8306170826940772
1632873961568764
6907973238727853
1140805119305402
727789334156887
3912711269686652
5237655977524179
8019207632350925
3370294707752085
7039989858750987
7927605882299622
5393433539030436
9457322507120547
2638465550432160
5822080363228528
5871130581983638
9724061490733567
8797009848882652
5531752045835741
3525168304963242
6842580423509956
4033941345241049
1670211755313792
7396782990935023
5474245698190087
7396844919614126
7344967845757054
1484162078751865
8191617588799742
6752341055234690
6131174340130376
1340722795762074
3713319118669212
6852409877823362
5791791003916696
1045450150352129
7821397571148289
4971882566315245
6823886905753361
1714346190142739
2891879814895596
8989518913804301
5106339146501122
5714457007256390
9317604943439822
9923315122327003
3238168976410336
4575744240508260
6547050101664260
8767001893278537
3516267339179259
6145947831881222
6719503348707329
5548754953700795
7093505694563185
1348995637314056
120718649210119
4561656878767641
8088772989680517
9698168275438422
9953228601055762
4879842637323261
6688164765894482
3228970953155009
199824492223591
4221887073653240
6555129079620005
6153596789589454
7447109736663311
2470286225362530
1565012636426048
4554097194148614
6375020694434423
7010036273568286
6858640935184656
2875566069279034
7760728857092490
2337848601653375
1710892169054673
1904855417476039
6149742874800740
4263735205704225
2379582606322528
4935098520342241
450290761197251
8572099111200100
4788085327816627
6501484793542814
4273031068734164
8606987939009085
7020961363351656
8229558800957509
8123042791770041
9882549487745409
3933716652814838
7991231493363816
1306416780285135
3864165000804926
9408448020357390
362289358285316
5675704884338814
4498555104022562
9811371236632502
8755887421826009
9162064864731954
1521778016389888
8198277633402699
1042037490628921
7726670165829890
8276132011130748
4571176087587558
4655726133378937
912979090625266
1826326217240728
3630813876300178
407811299773608
8046837620498076
6123769774441966
2052505205365608
8042317260578310
1969904828113191
437107534546623
6261617220518453
915680708686103
1406768194805425
1359715324463956
6570555580938822
606609309412600
3905375498813729
9967365074167150
8310586809725051
6710861165645789
1953478531502959
5024118321778929
1105274394629857
283698535224330
367444442083446
759959383699351
4578528670184760
3089849916627421
1714191495684369
4231183156113764
4968110682554921
9592263967860911
7276815562806067
7900980854165533
7164807148298106
7044863166334871
4452334665527341
1673759297104379
2612526038704296
4579465191330578
2364202655934958
5438774323720044
6094780316554981
3080104031150423
9867907146937609
3958173294252029
4551444568447312
7437431739992955
2549413893515376
8377813236695480
5207919034082361
9052619618836470
2912319035523608
5644671454957614
1765876954071972
975265652934035
5199298447598189
3889199050269845
4579919025554648
714942096722651
9720641001856011
7593790502376081
8589100133148605
6482939872503418
6384629807293201
2883014181490210
7938526739016988
6858214903587057
6278576642960034
140015299098841
8393977939543841
8113874483231013
3891029397102495
5313584640371814
6952497778749083
4834919078343908
5249337737735076
6454811348778839
3048360283998139
7650346385943505
9704656769500295
6315362909919742
371827156640833
7606511908064702
8611444729629841
1619940321867880
7852671889857640
8864570612520581
4339647218654388
8550270260897076
9214834221905605
8721599009007149
2547950614791653
6692531326284452
8025583056156498
9895746861516939
117677865338484
245426909373502
7138285921238289
7850657456473678
6787738415566525
6396611679503349
8904988274400966
8679619437612229
45972453207241
4308778649661560
8222088727765650
5860493425363287
9659511796870194
4299154665023207
5497434854859244
7218086775110865
779142073228966
3707862535761267
5082474562965645
2804469429348184
1175474400755126
254191558302884
2979596751831699
1110311479706620
6615657651057888
7089096202727428
6731623250533707
8153706672496202
1787719330203319
4759120874143372
9259190334474897
4509686902458718
5242822562211225
6738081339482349
6027333408159454
8544433762433490
8900588169541927
9294377473758927
175272275484089
794674893756538
8337516775932116
5341465791236856
6184293022847345
4956460485946624
1619745598051154
3921451256162097
8549906384489128
6745049520772389
3050818564055620
113872092970301
51379369052806
5989560225768006
5818836416656175
9135992463252454
8290037623677640
8517821842091101
9396092933331179
312166313859461
2859703126905294
2457474362202736
2100037347574077
3199169889659399
5511065537268796
1820209228783843
4880385353181426
5398556405302896
1975235385339035
2049345121750991
6166820508120436
7735618088153352
3184793413569382
5100275324863515
6704526717002498
1981919326443769
375561874134054
7462805782595766
6087294805591952
4209379641300030
2799206554240108
713074126252131
6110760719823643
4988803693834012
1372976565873967
5512410312855927
5815803919801491
5354886161450283
1424129181416707
584064379492780
8795956781727596
8028869472472111
5811337505386628
7187405694684200
5285215491086526
2908813753897803
8509941886830539
9529431362362340
8099681272812518
6832729665564955
1389968880139707
4692892590695904
634022107509127
5061575729238968
6488773132946603
7929592737920946
6890365535697401
6259676668982063
7740969588085558
9498570819072791
6189852343294305
1720008608214111
509000209785751
2051802730006392
607268966168854
306436946831588
8141041451775115
8257065544999209
9607086522909050
7196692086784985
2598568895416318
2359810418542765
1565409212547835
5133295870128174
6661592262423734
5835107747191367
7000256009450618
9177893459670182
2213541321751546
5663661526901186
4538539526836956
7214492928523838
5056683307416584
6619710299787182
8495797627423353
6976310582212935
8572838644602009
4453702387242339
926801353127780
9176255083431026
4012684192073985
8292355025627756
5422433778747371
7781196370202322
3072687678410832
269507907679844
5940966736611993
1250400004282919
9563155259108967
3695254333151008
5879530775906530
4009918549162761
341618744305473
1496602224156738
2120895991244926
9362457404212924
108195317014102
8220986242651949
177255190461046
5991862436083544
120517586201760
7006651052114736
4812800858489291
4997479357121414
193558057742120
6932160494691045
2754143686905211
8696754975711422
9599628553950681
1963642353468144
9144791230634546
4981485496768280
6087106904366427
933930265287146
6091757007833711
6407126792651854
3148428009437859
6144182789232292
6667619387473914
1919938193278972
8115215795556943
8491045386452479
4377270131442819
944166985956743
9889250549478591
2175674930685524
5043630752506072
2681503598649981
6432225507655775
8507365207944360
4686150753806716
3796506441348219
2588279524880889
846082246414535
2192098902825939
7249610887048192
1156104262184501
5143259763617777
7676544530733688
5278388869989342
8142407082795181
1234145138714971
1321905857750019
4582592344197918
3847425980459339
2579436114803801
9724270735075949
5828561559369301
9107757380424578
1488121356745016
7473764852496067
2815624206631497
2333244031679460
5147148029265910
1748627771891962
9525385413621238
9536974069390771
7695131790041188
2767164526431776
3639531418023730
9791869870379572
6473674520966532
2326152623079419
6256516291094034
5526803010259320
6583243766225037
3145686019097171
968951267175611
2899112076753080
7100369835519396
2769804599199376
8481817288058393
2378941590897823
397307262561998
5017760537119758
5886145033884104
5459055554276710
8179340799629212
7476592467741360
7603650247133325
707464021206566
138110290255374
9952645876264233
7321294787900772
7073850760030170
3804670250927568
4272384615950709
8503570263620604
7437984376415323
1844073351239923
6907683986013531
7641310624911536
684667187638647
2281143152387233
555429336831859
419833588875288
1085443740680146
1341988442350168
2689156487569308
7544114424510677
7061177624420875
5120491081321512
8590116539834449
4909110592727023
2851457788940196
4719708490934894
5658177171898151
6600359037185701
8977618608225967
5607930005980740
6039302991383612
6052464649057166
2810102467530725
9704132318290919
776958805614409
1874707718679399
5969101990768245
2113203752025893
8099227184926882
7073815088352101
8463501233768898
4925835096481889
5199320130474261
6259451136740204
8281201050048282
7353118896089413
9895907246724263
9848809144401500
1550123059860019
8856361084581338
9487618592890386
9916627829009850
2174877258009316
6678734791286873
9879310212763639
3658525798548724
8428904084102508
9866299161507134
6539800596740785
1634360118877105
6465413984134932
5841765128689551
9171761532764074
1244234881883977
6366781731513371
1419533472143640
2184814071358080
6053603221956942
903997097390467
6487668714763534
2464296764058790
4096560099177971
3050661945262829
2365856975153250
6130558852250306
3853429116440313
6314667222785246
3473700371960716
5558961524885495
9089077833141717
8980614987622575
3275988270275588
18497879666528
8840151665934328
8073321042239529
6158536995823054
5674552889965691
7726399204279392
628464198173846
2492711252795714
4111442308569215
9115911581678712
7874907986263598
7578901730529240
2080726018338378
1587199113856316
6022713307059631
8382157710166724
913892297450237
6566835993664513
862543220687964
4619640939853537
2896958315031481
5493765989853194
5310948367338223
9517070830062123
94270833019635
3407536964224009
2532119262894355
2661054873356289
4224080286218283
9069671509857531
2783105018881247
3252611520685142
5951087633242265
4985937632412169
3319891142086008
7936893732636662
7892650735492264
5373099097514174
8933926831645039
9511957252700075
9399165630801283
7379337732682463
7011150189277632
5915632710798623
3787100908230391
1874021544599541
4198334659778471
1775518208054685
9221162167986542
5786323505046922
1333824852004884
1166900164862011
7199458528570279
3773117904479829
126793055616332
1162219958913601
9572173819775425
1491543054158079
9184472882941068
9090037247070463
953494812205439
2062572068556420
8357059566020213
7196781588083384
258740077087640
5760055938621260
9235967013271396
5157802406994036
4638872780971924
2354655934029161
9236068080130815
4590769707792708
321488206067451
5389683155706456
3590775311418226
8194408991947078
5276350918175371
9140529307940785
6070632314563106
1240640746079434
5646730481057731
2300624694183609
876828169654766
6486070681963286
9750910128928978
549009228696143
4265891143370181
5567546322761289
2238170959103659
1878644719211226
423601964258908
879375646083179
932329714970089
4820099763198769
660623763791920
4972328659067610
1877694103599959
339756990457532
8657969629828110
8462530932436837
2313486108812746
1677315423672000
2460168941682913
9458951644463670
7639286534952952
1115707144932345
5091060894685406
2857848952922968
9781327743850724
9737417085934844
1411668357022717
9260037441131281
7752856082656067
2668584389152282
1152065767378860
6618010631316193
7303594421612815
5011392700892260
6975179192465028
5064781831010335
3464362847126656
2136543659914298
2395072293714701
6566559768293364
9356081712098346
5168596471453500
374210069739277
9271546906135362
6593699875230368
5375681670433500
2105398874973677
7707232540889611
9875603722220307
5861986110040907
2766408258362813
1646211518224311
8508868979963412
5527148381475051
8064817198066044
2016999547050972
1615373036919129
6595819707264537
4977412839137155
8231792714395162
6519715000608294
538092389129477
3288292126029062
302991277866870
9540658771403812
8169233640900338
1995409512634064
9983212936683942
2772900586985609
1804685688048196
1689279327099490
8147942068601110
8138733129979839
9652864066242716
7640042230876890
5041697451190673
8677082126864660
9974848626439989
903330889987556
2783500879069104
4366918029174809
277190359368296
9562970990162037
4341405267124953
690179792170444
9790857440206372
5149107291560525
4392278216556909
2246306394790245
4135855263153529
3021581018003412
6605869055478530
7881244733614672
7017167885944483
9083888477951410
7874217051946252
2477994646511079
7616592671811649
3218620640977014
2623069577040248
6349389380782797
5310694440521295
4904948491974333
6844830632222340
7699584592734831
5429515529973041
3022439825957815
5381177820158171
4410376185346700
4192143427987022
157096447178575
7174222205892974
5619081301986429
3885376284439205
8832202636232724
5259648612907713
3870937963912906
4914960618312680
9103836553837225
7888745268293719
7398539698101116
4307028172229842
559140696148736
6729314029315100
4550711811059199
2925985652194173
7867363726952394
3056294433871655
8076338980833306
9761063227175942
2296528804647941
4558377231268969
2334032077553519
322641654409591
1297001655499409
5042334159163247
8161396627238479
6257576440882713
2067407403827136
3582935235051494
3255653266683076
331247667576139
6928117926448615
6091376672279714
2529621159683015
8423017291203236
6832545754023708
7791742603012112
9051043888600627
4721842597720802
1412731650719658
5338027063683489
1632088093260074
2001120414888552
257140077709238
4079521193645172
8839902637652134
2943825055199262
3078239884651242
2894273836085408
6818514406574844
2129122940766413
6795144996214145
8370302236249471
5021826377317787
914663036138848
1921977517792210
3191856927435880
5240514872559237
338849781649459
1127163172937215
7673459220597851
5179949782205112
910344043605163
2883596559092102
920244894965857
823655845733198
2595564233113017
19616766326498
1880020514538484
7013348512197266
4863309194467680
2812440549620046
3459626119042863
7771752714524575
2061536812523323
8481356885530126
8824084233157193
5245393936982593
8063960128793892
9315253146040824
9243072554799702
4114804892641119
5986724344062279
5915135299433133
3441570756095602
1646866960146956
4817427000266714
9488343687078706
9922903763624898
7905917540725915
2803791503393188
7824263561140495
9307001981114592
1387471130552261
4666205368176617
5909117068798513
4500393468565890
1134244834740975
3445713094156954
1715036926774618
6611976039358803
2253607460901922
2656386548113316
9160724986174750
8282256253312316
1709054877419378
843248743613389
6160533939897320
7558402205733577
1035711910924046
2367879388032403
4140059980309059
8730290020218081
8937365240989716
1231775106473355
2040645418990616
7793466590610025
9677481751828190
6622551410083584
673429817094664
4576409479351389
9659282952649359
6829960466541011
3948418680298437
4782079312526487
3603824077486577
7449038028553358
2014193557798003
6000823555237179
6933291163266047
4535810996949104
8244177607105201
2443615269314462
129738804156818
8013206976985724
4906491190216038
3624227734621613
5248789075153338
1884347532349142
2290515288658653
6294129706107700
1024697740725844
6133184987880226
9084347761208330
784278246621063
8047889603060710
2593482910844621
456297989864903
5837490413354463
6595121589290085
3969556091932046
4597843167255712
3484987721282619
2126505820428820
4243223835705486
8438774155557470
688464543655648
6028624222047861
4789236420436342
5681209781810327
9148864347307082
2834232895426989
6431663508315533
1964926761806404
5654717712078049
9593524855098370
7928287537945070
3745806593508581
2043961719265202
7132207488947121
4412863673849221
2783908278960887
306281196223109
4280618383002335
2096092726043663
4853996940596200
117580648057432
2449280182380053
2483485997341342
8120373623790257
261817235778377
3994304825198573
8770118389955040
2900791531767049
3502484690810556
9315037078261880
2122787408801830
3641069566317766
5779688606916125
5784671264607047
1722900307410526
518389614665721
6755123007291962
7749236433133427
4318501379572215
121249871244611
8016563214988993
8028230424128118
702885076800000
3472864891898143
5704178144515250
1894414005018362
7874539565922725
6113343208241832
2137313310081768
5265195409343844
2627351459227867
3143292921893627
9111634824297932
4205741121447022
4606534087538081
7048579410386546
4443781882598954
671450434240473
6825128166198202
2978104213200855
7260459054877228
4687387765777893
2228577670611283
4360473358241793
1991389290551664
2833646003004310
7160843822496021
5138657311745081
9246080642299496
1551571695252291
1231691275609873
5321463264011691
1271221641124147
2730144558633346
8764103589838128
4990188648247078
5947522888813085
1837805532330420
5619128225242643
2293066544968048
5361981179985872
1310474338938063
6595158070941103
8419232714607025
7621458756963043
9298054481156331
8885264652999291
7378052988175387
4353881851093240
8828730826080141
9637745812061085
5623950032844216
2477734099060380
6380578735802986
8591408620084503
2995215535789773
8878066065068151
9901414618611284
5989883622842015
2113201880574774
8293153074978378
2650137360241241
1837099104579132
4580817903196132
9389584589453840
4964671728205056
7056912010808887
8263104053352304
6239420914985980
5136722348240448
3685164592789021
2307321463648196
7947655360446497
8084953916640564
1748838401768124
7775969899604053
5962272670133827
8028560900571340
632595882523467
5205971547439611
5914059082887790
5830680029154027
6793239189118996
3180232269528950
2955564636667415
6338663630972611
4111700176937688
1908768684582174
7320100825154601
7078355221466974
1740178832342899
3040312551413005
8065406062179065
3527200608340165
8787375331628727
5925705518079054
4087833160880569
1081688979201190
6434953249425924
2421011540010991
3499792095554809
2561459250545712
4627704837969589
8216360161680374
4054815177745628
3639617401730643
4292735488548385
4468248177249019
8990517502409733
8324276981125072
6348124086406876
2460027947222412
3976098539989203
9250996050236701
8354135356953673
73621213066886
9227148782060037
5944717105242480
1345620945872557
3788476902309790
8808874696754791
2564922929315205
8917352021601261
9864158600940496
9284363083081737
3917485115253967
9356107783508037
5063234209546870
6287419723592735
2940390689306089
3645728601302432
7479859042493624
9129913622610227
5999815228220617
8310825541072381
9447537395582619
5470968843171959
4013003070371810
6571783798472275
8908087884795424
8383803352899700
4661192378238673
1149420211369375
9700468566064980
1676177704235061
1655407645418165
1693122698571356
4448294496498883
3990009580052051
301651720215857
8166497733919095
3436775264502306
7747215046725212
7846283658966547
3253548807839073
4012029956763871
4177324237291473
9223011661075435
2091220987169555
610549267311325
9052689945708488
324479549780919
476154964679159
3133826686648636
2781072189478142
4747037410440114
432286879486177
6872616210064063
7464592792345939
6815375384013694
2911547394524971
4341992276173414
8059102934834338
7725582255788466
7259211152892188
7307418596238743
7806252804775611
9497284484318866
7333794062365560
9952940538593261
6926892162552319
3909340619168646
4726619169093051
6553360623075129
8022086600627907
1103534049475729
7045381871949528
9971680661909463
2151762096133701
7064712625089506
368851463065943
1840510358864397
4730205410583136
3820634556562276
2002337675036488
2741767024845942
8791509245393819
1900041672419741
5182965657993064
9921753305928550
7405360453807353
2983375344374321
8410160621920412
1320866192112898
1006503993190792
5110595609641755
8363985241389285
7095691712143993
4221134909283520
6112188113802692
