92 25 38 
5544 
4417239904875370
1404248640079987
1322362991022912
5405935937515301
8822986556840154
5473600325745884
647093283168874
2325423639513803
1188449595817914
6775169923375239
5270526254285375
4858122837934200
1311630465278551
495871338869903
8484376498123513
7657827619807176
327342084283122
6888101201441628
6324996692219283
1590524848637516
5459815043118172
5821850215735666
5878044866288030
8935824035745469
5629684192966250
1708780421088972
32372122819469
1574933451428799
993422736954470
9962227697023935
5000510232839233
6028434075004642
4992160106933852
8951951859638737
1735355423356258
3446264039064822
6703517757016761
7072601917901942
5562848884955905
6592055870744576
8210797796201751
5582265406735294
7230408767051107
1490200687372871
6251194899313671
9796518249885641
3904050934965338
9617067169484447
3143932238902549
1397984805304042
9986040249826423
4312251239874564
3942214385294943
3629023712058229
1227896290514870
7876628397118504
3263417357753071
986492980967745
1922816300475465
4260367296887436
2708500471060803
3547894414091556
8792826496680791
3241722807160840
531131154404240
1685091750104574
6702202230953548
1150140098944374
7673906409926545
7454518352183388
6624955565240153
7658160006454039
3856350878801249
309383242491642
6179204317225240
8754625501798178
6283252803538764
7534507899549306
4235148162509065
3494772385384849
590201091544408
7529480959614968
4102652281158388
1949685826581010
8032956303868678
8481562547267276
5193167697630407
2419944746646494
9142978137541258
1368941070358868
4634537314073075
3304336473066646
737859434160519
2556416698208047
4949660152353277
7874453711960981
9611739684872213
1163145738180166
1931345304706189
1109435506648396
4588849907586471
7581265969866747
7819124305068902
111215902617330
4137720455418146
4617822238704986
1285478474692464
7151491892913972
1963749885260960
3158796710580492
4087969281679849
9779675536653655
2018768634541366
8847692583984486
4101452429710370
9417401788721024
2197003580552790
2425552010835017
8166738219225113
9585500591761666
7922786462316610
4839460018511479
2351261933351612
3555148761624257
2900702178641339
6394196768861311
8272129502581307
5587283512706021
2722893396356567
1577120269672995
9826436330270113
596317395115877
1050749832518334
5025352076245600
9728642415963308
3695704772729640
7331758910716644
4054185325461824
9512113600201427
7572124644642308
8735313417095017
4287999928644524
1436893690500836
744645970888552
956320287703625
1710768531506159
4166389348857052
5555247752033819
42935964520160
2549958921510561
4585282551909153
7796534880361747
1748614912320467
6575634248813868
7615881572384906
6944399126437334
784626728139409
1745682925585430
4304985961103939
5324027808788638
632521623200217
5042282470667442
7297889577976552
2756372307455645
8253080457375474
1423372737271690
7777584828994874
3614197245495564
2808003951675607
7047704284161729
223865741075
8670521958605894
8999282404408570
7568289184289617
1858059682272754
5706984769108150
2783949374992480
4353816876005709
1594829409900069
1538662987848301
6554246386224524
6020240852330851
2545565447100059
204336671717105
4578089956800213
5415273403506039
8824486561782114
7854523860897039
809072522022573
3275649054003224
8650531997118502
5436393361820464
51987317731396
4852772706358761
9278649283036974
1362251686056166
7187682609959599
3581268152522838
6031040986874328
3416876388848394
2732285493810931
3500250352077538
9343008940730540
9903911793505907
8642185642717877
3946893502547957
6063532505757537
2911907793557409
3411650462927059
102871857894981
2858489180037144
9738388825116067
2513086062128883
1986542115901200
3693298008037423
8248102172826464
9247280973791059
9342478118402667
6351265087303335
4808499353635257
2578569661988789
6706084705563018
3178467064112014
2919749367996491
6059685684391057
7888556790706697
8287297224910970
7909435838512054
7838420127187065
1232760928246027
2556341811621602
71645155603504
2894892761916040
9136115967338719
7817228233174460
1896666482398450
9718441408758563
4438258330615831
8381961062263240
123257224384347
8066615637299212
1582872213494145
9484798428864339
819054892567138
3937452836373583
9416990928155685
7744821327223033
7169905619718803
7740026282282017
5757275285492931
1788511506218055
4590745262659017
9536275310898330
8786088629297349
8157204602035100
2247052132549307
9381523070989187
9940625469703844
9173123498684974
7207025153250402
587542750541225
6090642241820708
1907039826598203
9338733691897061
7292318011533148
8202479307175720
5753305870430133
5593367367883630
365750906280285
7972236784565342
198234564810811
8625784588758931
3140443276811674
342808228158671
76961344936222
1153440798858676
3389523857778048
8660867382242047
3398764357374248
1947173258829990
7948181051155673
1211134589232224
8461534256557843
6947481278450515
8220068492658028
1530790916966728
9195943472006495
9507075326683338
9482820404077393
3432803263664388
3812782815309156
5392410453512472
6899687376177353
1043021419414400
3560395803856113
9560369991531954
3686043247770131
4806607557700450
5704157902043696
1188598829010374
5994729890506020
1987112002348817
2267981698041540
4592837455433870
6414642933909625
5418863537771706
1219285713711750
8254320692690671
1817162167472338
1009320821041879
2490562069528964
7763273656264828
9688485240080143
2780540421919848
5876650454777861
8134692214126034
4992534023964050
1094533769081774
841197882953292
2262885506556359
3894018348882505
3316865769254039
9721072877049209
8753177098759775
9721877131917189
4333881863496184
491796459911509
8887338937258510
816669634364180
4552395367463137
4184299359327568
5692617506688867
6990236349879029
3121415736866617
2985212289204520
1237882913097045
3844208673917511
1071320083271316
9649240001800591
9132659777984898
4673857090548373
3993262063112882
4107271948440359
8518760478050578
7449192654478767
2577472683798314
8033785781493522
2029574491777903
3306409933752238
8228730712155465
9423189399874496
7636434334088394
7112917667567209
6088823780093299
2516554229604166
2950184913836816
3330868133643019
2588480516429756
1630241557801149
3645982834384773
6400471636672101
4449713649326439
5033899628126391
1703355563544977
2884155432503822
2951689352252914
4516883271134904
1996385267907599
8076462059732825
9687057476575077
9904521020633584
4394494135129431
9065973656056921
9760958551342767
9740102215517318
332556031020233
3418432555487202
6386691860633194
1405115275125171
5343208913008446
6083077199513085
327313871240459
3651822557339120
9711197621001401
4173236722147370
449403693769965
4652156701261557
5654876617303548
8400533384694067
315706673829471
5450143185757342
7304648275650619
973475955683546
8694192392199785
9834137126533792
2648236580691418
4690744584877109
1845761096435804
721783913979322
7159221456983493
259493614662503
914854209074146
4977565397227543
4564697350935314
8671117931890388
9027880937448355
4466077999351506
9517634081785107
6534711426602582
7183683563862227
8535377742097589
7348193522349997
8780003114702548
2786634382445668
2705623436931583
4120016269490542
5918875822484856
9890459493584440
371215774126122
4257594093986725
8809067506643699
5524844367845972
8202678447061619
2855722647476953
4118179962470471
4366833784846373
1746183970253086
1476947138943817
8146381990042630
6247797695410849
5718243903812086
3199204267966296
1563047099846125
3659913801029837
7450828130311993
1230253644621198
2308784385864818
1551409737333247
4074775885912599
9166626650979951
151157553933282
7917964520468463
9569818981778933
7703993238519826
3427529711578215
1582209119490844
5226181993245800
773643367707821
1700515522381120
6557278220417626
2121840530504966
6235458150708711
2049736788726716
4636451668855493
2981455025834944
2384684231564249
9458578991301271
6651358360832249
4452866653734725
7425510080116843
2597843752057208
7676756235192246
4574141659570457
9887427412803463
2996784121046579
647134076771272
4675849411927366
548340862687768
1845528060592454
4421280646572575
691251075168287
6123063496829744
7810227259153727
5055287662148425
2396531565226118
3550719210654942
6058949631742766
9995967848388759
3836999729994239
970741164504350
1683889408373765
7904620255975513
6688235815905112
3840710956952420
9206377411553938
6989606760965401
1976674564736057
283171768958891
78934477268623
1950341886836043
5937206482826257
3919248597246023
2019745375857350
1305021967312671
7712751300476053
131303023144096
9789754570463748
7976359467363884
854918529371994
8421987261061083
8183537371467859
5537258484775850
2343601189301389
8953260312883868
4359279273503812
864688839813877
4875084203706342
4940849209978832
7933490807494465
7010022545045505
5372048312776829
6163614162394788
4769045255284688
6775400817676135
6244269524679219
5137194222813604
4836647222452342
231505247328855
6693653377217143
4816255521454164
7452690002233538
9671238505298072
9714515317503397
1399926664433230
4200017212063436
5364074600812018
8085813860050602
7843041137566674
4895223531183753
9641427630725649
7292911014644582
7701226827952481
1038969307744584
1812390357166261
6840327454026962
4876429359051781
8173369306150710
9493169093516748
6663724005056334
3194073769800276
3503363214265871
3571335337844736
3026279527882093
2627307876318033
1885404612956074
2375384044042770
4309810383329285
1805497597011985
1455380227694928
7573830723732374
1806823704312610
9186981150769931
2165218991486537
8377475817171050
5529612758860375
4121599034071358
2509220913269928
5918170901737330
5789494225727285
6539289900404945
723498987448327
3539826632635287
3014873267777461
4762673116519272
6238295340336990
3892923584649721
8529107212868529
7204729996170172
2857401463367047
3571855378292711
6752635921925688
1711641742517074
6528776023187984
5543452988289133
5998212926177905
7951387977794825
1587696967028505
6943231097156900
4611464667351690
5950438051931896
2700834785904402
7961004145019679
5946537433588354
9471197608480086
8855009741768533
738744656101660
2474636493923700
1398712946897077
5252306972985443
5164427323019215
7789601026374721
6010473674788902
315276993292858
3733706472502360
3670986857721050
2168748230707056
1505184929569446
6942625892357383
3214089121077187
8670086463027816
8345268755793302
8015399070896022
1140437849599256
1446607747523452
1213717868640802
5936417113207361
9549915719145771
970739486399372
946054093103324
5131521406574900
2357147054263181
3231258230318387
5371512562645590
6980656476943197
814090893247455
8773137999698774
3279254338431152
4919636491456077
5679544785098000
3829803985487799
8352136540676257
3999097413146680
4206226498746948
1107237302404081
9802078488922436
92425931082570
5540760404079971
8997928632849575
9516207843087835
1226463376338030
8261081661586290
2935336362148704
4746204846300405
7922692489499201
2130035403795749
5081930546262204
3367822014388659
2880560448039792
7695999327759322
7256227694373694
8785676118641485
6685645567704432
2164977190055070
4574102586670211
1740060780491098
4530254841521388
8352572353442047
6962616997390708
1747560784177253
4214009442191189
116900487985518
3644114432232514
6102600481928716
6378897127965046
3157115637389681
3212408540380594
3474541306808251
6121686010461198
2331439472847953
4301726706925777
5861026357167247
2788589253859048
379491518292420
1167117242140488
2151233389717552
1223719599491338
3945113315443230
3906167144192247
6634164046195825
9843724745367
3462789253367169
7414002943561655
9146145872400294
2118148855895263
8137629484182527
9958398862815848
3452588002496484
7461759652141877
3473568202692634
1592935618790597
1060203440259753
6416261276434795
6598100209463613
3071211300247620
1472311716932003
7933596718061125
7454085721381047
2698641713275387
5173924585290687
3932342645680251
7276611943995519
7346817396019578
5115066192235887
2324849775655784
4390063877710699
1974990977755314
3846203620316015
3490758708081544
8437748983898330
2946006242187392
2600386265089225
7122681067303511
129000047602393
8301186241427614
6415575863132616
484654824261066
3125524038387609
3504653301466804
2298331259991508
6738016089404071
3315450302365619
7812621806618716
5865193965099068
3401707074014816
7536320902030684
5327226572329416
6315315248688951
9357952751405424
1435607616209979
4728427643111372
5293232436636883
6891645956978
395585173575538
9067842355996048
1693510660116234
8958612803066326
6888031903683109
9782051081251307
3865239452206201
7072007116379765
6763795066682605
8298667900062933
8078187332229145
822727221171380
7479396183803407
3194500983349631
3295108611838238
4096009123148550
744052659656745
1991497733494941
8237140086392880
7796240733745334
8377224512413029
5207328530290350
7554107303922004
3019924686064925
5875196651655197
4781723418807042
2525912941523608
4344812540757838
3826947046334262
7940956096075679
2175256306484053
7008857312225069
434759993931578
684344375642879
9458659600852493
3876165738285794
17407130963959
8344995193131336
1713502971188910
6122259823973021
897526531876260
7004067360460145
1393282403035644
755054536427608
2431401003003795
4165610966938967
6757025899183605
8887994203058161
4069038643087627
2544173967233710
6422149396015100
664832835229095
3535014916282673
8375461555363014
9656491434182375
2640421211085950
9442146536294874
7006377733548432
2058688256799453
8515680490473170
8411544689439253
3977233673513256
9770402228905442
4322812429392004
4435601394190800
3088927754824962
1769451273980750
5704800243802145
2690712958536926
658859844652729
7655527381390696
3232049242271933
2864248872178398
1279484879195204
5232755979356514
901190064087940
6687622176116648
644175099998543
6688606209118513
8598633808591329
2117691164925436
5271528374866366
7392889543548765
6895073291398400
4187841845493809
6896118065547025
7465456454649019
2990106110021252
1793273635850879
4033766861393133
3756149988563609
8339304693361103
8039217289602017
554178926166127
5922783368696857
4134956021549197
4322790572107441
5331716378481900
2806716738346268
6314120247061151
5603380898584250
3753791871461768
1767218623983691
5808257108814659
3655755298881426
3295761379553116
8837800364599262
862364709960564
4237131896528849
3049054119657816
6328789790909480
1487804674012834
1740725156668826
5601541584792541
1180627855126015
9115343464124397
9094675995988650
6531184625139307
8136050263649022
1525597825111260
9268651559112996
9891506058256014
6963581745643809
2127812178535189
39524865533294
5582961442276428
7500415198198348
3852267815314709
6250540365729358
8495459626554808
2751153465107718
5307259623788685
8792154925691030
2390492607517461
1878666631899406
4632526787217972
91689451619838
9369283769226785
3636462315901907
6418350413459617
9219610675938588
3168138792891078
5562148116474304
2016051094385093
6959478619112074
8051928418118313
6451244535050815
28229694005440
3521461365502432
7941837092746941
3888411269874410
5465352247309261
2017757241313374
2925942046905857
1753270967764776
7775926257311733
5618204469291812
8610936900416155
7976636926338056
6351567803382750
9838621802253677
4890572924535205
6016112364283594
4517321326265191
4431231570442616
9230371138871374
5462278237139716
2456380366182282
1328438518556321
8722166611488553
9804055298769200
8795648716108381
2974830671592359
5584393307173070
3841291124658991
9243239342193331
369950682433602
7961183150650739
8713176540422583
6895103930739958
2732104731685120
3291086442651573
8123436841410782
4527068108089869
4934545315242084
6793940404031299
5878801751505743
5607496611969581
372798112304528
3974853814781955
8230109606481504
9275828727157459
807595566082172
3692965791181448
4482238975770178
9465299875338665
9844408883598340
1544535304331316
4791994827721184
2684242563381338
6538410555783985
4165382676869220
6037407424135591
8660185867021847
9191605618561779
5831171188497362
4225481583443202
309898495517459
4684281947846589
3792983591442587
7954102474688193
8504871736437809
1578764480041979
7449826260395978
9652027079815048
9073562332445658
5551474569211066
8486837869962486
4602156021169365
6885805231670257
614211750020722
5528014276416381
7021222686220167
3573860112259231
4881796937420444
1718574089426816
6551052978621362
2150165665199467
6092537122818392
6108229317365287
3901105751069424
7914111052098859
6834826676725657
9288276000595430
1585110786972398
3329221466247964
8891557320960130
8835706515486935
4920509977188388
3468332959242760
6957497081030942
9391858548188311
9824519875223179
7627027491640758
9840742564828181
7525274521741734
6847118882403077
4867840161698183
5827196630888635
1336474925239130
700152867954351
1882155617362899
6703952602751551
4484627968226202
4593751535957071
388513823870230
4892903582971967
7626888297465797
8349639384534427
4060166874749473
2123188045965235
1800028295225811
1367465096770192
4275016074433731
6582332126743743
3833767002997115
1286393857634797
2848288792401408
8614998504651102
3635841450881492
4013263148030903
7989237313765350
951409401613859
5826457183673817
8205080424863754
2621785347710621
7852569372206086
1026474889300533
4835709415441226
3947281464900530
784934208693535
4964487714083317
5875244448165483
9523410980669801
1244305655370865
5939690166960777
5264698934357813
9124462782008647
2283727556809252
9893484657736843
7493341953994074
2868625512843768
130469968029128
4191434213977174
797875210001565
4294272434733831
8493173995557893
3210938246374858
105045477626607
7476109744999508
850068033880069
9698820129001540
9140770275147690
5992081405885870
2898957745519098
5887018109645064
8421196224106573
6999457721254526
3923088656907717
737834581903765
611458302446950
6620030962527791
739361883808245
9966126275600479
5244598774454410
3627398946023149
2011202166227047
6755541429090569
2256932630015594
4279366363720076
2738224304376293
3140701131798698
8943767915133326
142408156327163
2296569768471089
9209425701874375
2707583631790762
4351066974961506
8010277837187684
6162337638490666
9317140913804921
3186030613847973
8926349489923544
2357107539785358
5213494367850682
4622763273128786
9149548447416949
8943054206321822
6393701688319747
8237791956076601
8606539360679346
7921524760779286
8060832515513084
4103558867817641
9547686233762469
3978355296625787
6402470494506938
6042196956236528
9415496874730108
3652197639249220
1849604310538997
2918265417049500
4430705699289189
654033784920839
21341694196725
7240908307664085
7685545754377747
4463333737344200
9136833389485723
6483640044434753
3458486147519770
1061081132747943
5587522229257896
7174351181086595
4260350795932409
1501786307455641
4566600093936874
1462407629493403
9403692259886429
3988251757420289
6522501921889629
1410218250194364
2805907984250050
1591289509297436
8410810465576365
9981609705659334
9009104132118166
8673723241536628
6243381832440003
3669762153046956
6989272234016140
2359299341684969
4358004450681277
2160345872583974
7621756685594784
3077914765502612
4121870928675868
1284625671235383
4831546052119667
9406621179120648
8448437339879253
3753384915095011
1931321719755238
3654276417212448
411771862461878
371476627784880
7167187566948806
8335210718196098
6912291599134723
3061484552387853
8289849660386475
3897151877906402
1579268914026757
2537936187374496
4782238484329721
76679114489247
4471589531314425
9441839485310344
7890232695257894
4744075466386468
5155011983862413
3276400324187518
2201724973538059
5631803403424820
8250226878818515
9357503916029790
2612489647674408
8431021381171351
4097358847385735
8396915228410746
2164166883977557
2656333705265652
1149369387008859
390576541467667
9718854158468952
9376727859203174
6508870977703219
4825720691408140
1649026318170723
6971994950657115
6077342357614021
4968700835999164
8804656566198656
1895221412624489
5791289081869931
4414366707509723
5707107742619287
7002631041385420
5090416341999293
9125562234684194
2564962381378808
5958850099400589
1022337802925176
1553579653916819
6410756396177663
6105438794320206
3666516325398273
6826655291868521
2959437499206344
9605377253944842
4301364231225671
1131997893604885
8023568961539418
1444677636183102
2435316381635502
8763574356197647
7397909448241343
7582873090289540
1639525305282410
7582430375109822
8109392663467608
2223483167553638
2365559405234202
6161228808384888
346729488522420
4149274698313698
5617066074299263
7830279739936117
6638386939287608
6565346189175705
1490856786443764
4362068369885203
5204997189173095
8599038020787135
1017449077198057
3667554670310492
7035882194909999
3981593350877840
9027735126964196
7061692170595607
5191254759570543
3150043042319881
4601288499536400
9828220614293614
1376382195124297
2002848969543610
2799290206893541
4080688838583242
6855969637671342
5198286461230548
9892362880329303
9573719683090023
4218121819403851
5481049854775703
7432272043007377
3669354172984347
2284451738454876
4611665105945319
8668307119089691
1946004528078843
5257532211845015
9651303242955592
5087492117879653
8681217023203656
8706730693405756
7272461970966147
6933585822165054
555975845870803
3181002651216879
2827118913433216
9085443098569649
8542497206336921
3227031909994993
9592816086992824
51536690890595
3217584625564115
4929953670661258
8885997461001402
6926042646716518
6112149745848237
7322339165562885
4873948972961995
5529966959803176
7391657072725982
9498988459552374
8963285036708266
5245074185500955
4473051521436548
2744684176154226
9583156258477312
3198547400103945
2328294350777242
2016282966925682
539589930095194
5062739714959668
5598364650500540
6783983930379216
7674267755146841
3872659874234428
1031536686996418
1339483820210627
2844057853378219
8294845690165403
5039607278233826
7448428728827372
8127718772657221
4188674842726844
5486365167448936
8459891057369900
4370445879444872
3185361155186609
731737218835598
5001580290328891
9984817691927969
6323467222042155
4752897383560905
8551767066587747
4236975919381370
2155418350626980
1818796035965413
2464631403250425
4102358845579014
3435984987399532
9044102780738664
6600448577663021
8047663368134664
8119953317044748
9527920944020726
1513240294993847
112377252691443
9368822169334618
443911505980961
6637349100466523
4515080811002243
5353343820863634
5870626093266052
6984614200237863
1187034116110630
6696002217343367
1976956468815387
4814560206546581
8869146298147779
2177642044838999
6906729624194574
5218563310647614
7352457724942462
1568576260413584
1642075018847854
7466728075185552
2685991696802882
5144625781192727
633521474973963
5265379863471851
5514232576683122
6405638284761924
7484507347930991
9947341063607263
3057779519282202
2118655247896616
2222071716762349
7820542310714333
7622900942117390
6651513281195699
8077523448319821
2111439761909429
6046338997263246
3335565872545354
4698696472750845
4258955492471968
3127584913113400
8475104610695659
5171087598078963
2976769216260207
454657461448106
4330303750630770
4344657554901503
6533486463674793
3273765103340170
4807926658647300
6095075340549096
4010995986117940
6215055192207147
5141965508918989
4839770144888814
1449453271235099
5610310179284402
541353249676165
8449191241957876
6669992006931600
403801504893184
1292498228878829
9598753723742391
8890337140050173
5475170504236409
7004230789595411
3589639696668618
5866124817467936
6048892966825442
3817009644131443
3654397839244126
5862083975612799
5882281060497102
9905224059876684
9050983459219025
2913212956258203
9477951706379340
7305910988967473
300366332708521
8644370572961211
2747195119723971
3763538935611313
1457930449356922
7732685398246836
5204976852904940
666643057250296
8013201375976268
1164238785066212
1071736775807463
5461651714362481
4325335601590409
3536610154256090
8765638672644681
6282072645881020
5965662425512170
2348241810401549
55315552145485
4273079585138360
8125605725218961
2512377274076043
3974606774392681
9923641124655464
9889949766195584
823254570376313
5622816285576168
9996158163900698
3732301947218384
4738081180511430
957055295422269
370876055558188
1533907612688169
5701692711321694
4587186498609778
2617863150385212
3098683343298796
5278681938929990
2576418157617173
8061165857240982
5522163550461645
5332940078068479
224051834267576
7974868893406399
2200973695085729
7302279232004817
6512822598939254
2232539995070958
3976561292874360
5378305453100471
2249705607224557
8447679821796769
3799034898882731
7642733354058006
740645571854482
472500586254658
8266855706049815
6750167821354990
1205065673338410
8601106058952663
5441100099311659
9007313143944901
1295924301754086
1392184540705604
6935107179548575
9505037480997817
3060261499433348
6931123707620739
6677566873552656
2035010683095741
9167575111756180
2272137187876750
6322663231669462
7194139672519527
4051516404485401
4663365689364049
1378016528610586
2029541525904174
2669496154673237
3982584121133647
2962286880338134
8254602465716410
8664779711662981
6755969058573100
7702676482156742
5114702696649162
8394649094904432
7279563555870149
5182794974661069
9481882518278638
8621785187078013
6204458036756599
6504018749717439
5547685139848726
9448252358048486
6722885165482357
8665204831350758
8495320352678034
6417304051569689
6760203662078580
3299132281839886
7739899562518120
5977291420029816
7093292893554599
9293731957250344
5668615842101328
8599128803268349
2783852658094007
2437611462250142
2932557468989083
9616159088280789
5521997005473510
9830252146563071
2663832306531147
615421024662252
229405615298033
3091271985516470
6534016034712705
4317224241546566
5523728034264295
3558659727925905
2844755468984568
8269543289767939
6743713670597175
9249915437374691
1068144371521779
5355488443880891
2773785995041666
5477641952137918
3591220212389905
9724921374085229
3882350371258959
3269513886258412
2385834244498742
3509959548905234
6865795843442725
7334429523442093
8807297586624053
2842112690255235
2193930946036556
8360321795908483
6566151616367190
1790589461059252
1115088263262980
2438862577149961
6224399725392411
3505254164686838
2213834042411188
4846141153571014
5285060547867003
9025992822966325
2182080945684180
1361187210891521
6422228366565864
7695278898021012
3213952210506719
79357742359558
9849908504037207
2800966360904513
1070178398724406
8049029492708867
8968253886438642
182851435025384
9000779116287007
8485438071480667
7818526010881866
2586283634189807
1926055799214230
9382010007831042
8970382391544227
93661316793589
4544522871378828
3792724750950865
8143469035000721
5413231139690179
1343491418328053
163807268475350
4701904807563742
7251550874215776
231548861345954
5519657336644572
2283961214472486
4931039116245429
9340213785049957
2521605085113781
9524838274651113
5067453096344411
4109638475684593
1536537474677297
7964503285777305
5997528654801651
9519936461408148
8583571639385319
333124854663979
5327246168050120
6395549771418306
68417048799302
2722093337769961
4085129765554063
4611195725317946
8470373636612966
1995595298120911
938326536466038
2513302740430190
3902526752753770
4242483955437921
4410981532153755
2532432024191260
8480683408710602
3598681396496145
8466634065372576
7541542547464225
6223107987550168
1399212756231755
330029419777460
8879598019433731
3186778527584314
3415011579100079
6493432701027437
2390121382088139
3260727348168642
9059675660895788
6993174703438216
1078888738240172
7683782093821083
9646995430218227
5591133266394438
5156207312459564
6438025687389973
8750235422775750
68093317611435
5344719797532845
1432796714318641
3660070350038165
1007637175190971
215061939274338
1075250502433063
4621008148545581
552643065581678
1647799318720820
1163043672450073
473024840934444
6239973292089721
6191526686015806
3120049656038326
4502749255047243
1366110339371684
4394719977395450
6897683636021391
4254599766913093
1703354240086478
9968845180580076
8034693303205855
9352692300914258
746684244054625
4334942865205160
3936342121591993
2349473600076390
5758957492187766
3337381442165606
4385668757352223
4683748952759709
7887076621531331
4019242712737139
5344823221253760
3681259431855236
510065667901411
2636325664667925
6512020539025711
9330315466307398
5880475911816574
7162398980150145
3431028912141644
3450683275098613
6184389242185105
5639312367780218
3859199358859686
9384327934590729
4153245622097619
2603723858127597
720140807426286
1269082699368261
1979734899230563
2893801994104908
5933279372329782
8002019976613829
1901131660261646
726980779765577
1549696946994738
5558308171377294
2744184798052184
9355677245307374
3742807084157192
5710274018673496
6174469824861048
6878170951524454
758441072502687
7725643812186562
7564032861905108
5483522656796698
203956390249461
8977303045993501
2875880330366237
4620457111292581
44639980761911
5302440790765565
8026324979899628
3834247458674972
628574626448236
9752657421811050
7309971316976308
3554362466064171
6367667875145720
911160365641838
9454417933267520
7923015019774763
8387721999818193
7043120837417852
2883236595926428
9784712765077501
9692365066609950
4378506161608310
8016944851153144
3787924451491073
9617197871532187
2867870130281995
9281007200066916
1309953389656401
7041461635379352
4163032427706258
150553681825660
6010665383186781
1018179355665045
4531895770012784
9623804033982916
3721536481440095
8112497938309008
2906006044526789
8033340086133236
8192877711489080
2842286239992956
6961818648067648
6120100718461377
889789381540301
4978210775021620
2878814411879628
1306041660179210
9529279179832833
968244500734374
7331359984639564
9151729318563464
3953298525908463
581438466523056
61666234543748
6678284573285554
9852956698228098
3676226823915031
2282870021739214
1512475318563804
5630842386897084
6912563301906674
4689432211700136
8018304850776692
5967045051185097
2414032210305504
3924470229959030
2988644257069523
3635219081540175
630666828769420
2821442299943051
6379743981393292
3231315219960337
6351564184145390
5015099225091389
9070110400724410
4740813968308133
9084739881841702
1462088677490824
9488236170040762
2454646608102136
5784978998370860
2989139052243407
4622443875443873
5198499924156385
3747747317138235
4744309829354796
897857144970445
6196408286414422
8125323272673357
7112803564747114
6432569913209897
9698760621807254
4494773244537119
6908585298635593
278578590877194
4024521934747966
7391102555838013
8625710096367894
7788463684392715
8159257477827279
3920974777657022
292131962527712
1194602927751713
9609791182665811
6768381816469864
9573746024334098
324158694637331
8823033575512654
6669160182828263
5485110588294205
2596370986900083
6425428715352236
6198712058163211
2906147050270784
8400361883449834
8321596861832975
9716454737890149
9974806643448847
9016045505300405
9728358181730251
9992184706806907
3214592913723933
4038756160384502
2660533090742309
8395428465049370
291022243312359
6221294199818692
2216320939235175
208123429833299
14746433471864
8018416358934439
8913941224595506
5871047850669144
9668699375505844
8209899249677731
1788994806829779
7601284241038964
2457125297100689
7743364530990467
900500106975765
1167213434046104
7887506033657620
3143371404539952
9419119315202038
4828893974663950
3229521581758974
7184943713738726
4366461712656246
2839827455148058
4626909459905622
8099090706253857
9798524129874996
7314260507200969
8650385836749598
1746135139669787
3647633785191658
8821942687343016
3606928814336259
4223649877367533
6088519247495830
2741742843689479
7302994323714884
9812710172621411
444527131888436
8559235384806597
5348236473092701
7645006076269046
8442175326799684
4802714856653276
6414881424950476
6151196805142490
9262024990118218
1029039550769355
7475667666805659
7059981038242283
8604893754754675
3160358356708570
4972398311836104
1519339719191947
5099707766760733
4652489625176217
1498434087387937
5848901223602762
735263449920293
7372365656900189
9955071853327136
7082347051109228
6691519882534907
53881463883023
6212405277559024
8242820009430015
1280046095843191
9092673355063763
5963996097466201
6088923060882275
6984150565886682
284694764833684
2994577932486182
8441296975485566
3028692733643752
8937096124250753
8038279444658059
9794171518475430
5176340220947480
7024966723313495
7494241465745938
3826099155834665
334592977369799
9082669792353642
2442573772328376
4021359991759311
6186590989041327
2059175352661744
5693304634705239
8125523025702207
265490613294189
6288977873449203
3866096694233861
5572080696193306
5007348058649741
404619555037673
880704388869442
8891487302825516
5741012832606261
4343113124244796
4537405363761594
7906823485999885
2580854301528539
7116456346159740
9101673736895449
9420714929913411
4228957575337616
5859800097448963
2380445587054393
2742020741313385
8539481463341123
514847210782374
6581601121721214
683148843267990
7562323610641588
394400468532363
958494705182301
1548212681360728
2618068498781215
2034190824967672
4804811496011862
7990671201323981
5097533890175507
2203719719536428
1241869381923210
9622277300238867
1712200237380469
5333490711094741
720613821382722
9196358687768919
4879581669157512
4998335039643271
2235352949512377
4172963058961854
5931993119595910
6687177592732606
9914552103234294
9358371256539438
1420152961538182
5249887442349884
4936152932687142
5793819568776250
4925693169073381
5095777353448362
3267735591595340
6472893928435125
8930275667981833
4709634002669904
8300562307798456
3363440872085488
2062113105947976
8436463584429649
9640524358213862
8228178329163887
3929316174335797
1240016502938143
2834666302849185
4500639669296099
9796528463595885
5165069118634462
5571577904295810
1927148213483470
9841465863709570
6968863825532145
3795299141677082
1132493374374419
5029567864199521
1931017470610246
7281874289871801
536636985780140
6607802376804909
6189700772070480
9664925352453220
5229465034891159
2179196294031848
2231469826323615
9422871131097684
1064556285186397
6093396202426689
4099061651207333
1186065654745309
5713991315787438
222047044923168
8949382686300036
442191712577203
2553310871537678
6688469470079383
4742901059095516
5388465474508899
9338159340503989
3745835098995141
5946724389760333
6175221863052629
3599062354559490
3089750552506930
6998394195569347
4412769213994916
4063157969466186
6533693914948607
9428245519818044
9552919705087683
9141008942388844
849121283264857
5461242337939553
2135568931592778
6605126146928733
8384205490005758
5416443321855847
6092902017898247
2050386395196583
5732484956525205
39338154508993
7464679525205603
7900083695484227
1776427213099594
9714212136131851
4353499553815174
5600083847325532
3398196027250739
8866939233163801
4665462645997294
1777768568501824
9108251665446892
9699873856043181
5664352640066579
6692677782404802
7813188141285198
3396308606664179
7251634732362203
5381569354154675
6078077000478916
2881643677376838
4248704381554064
1058995834338377
6730133265108202
6786746238517985
3511955554552503
555841287346126
1574638115069028
2745818135725386
2688864840578391
8857482144593
8944335988349864
8616117333983654
4325650373734242
4956447813965982
1125134371335897
4657666516837593
2758917469909673
9894729204778271
6283368568475227
6768827288331059
5698664066466881
4906304214737957
365032347646770
7700468276848900
3521000849086663
7120487843067102
1233212414181387
7937041750205707
4556730360671864
6211908125095816
6707601989574756
4425219086895139
9653067037830499
2118735632435997
1353199827934925
5050730905373101
6381704020374534
849745485271311
4370048771817126
5855417643499201
3469333740626914
9441658516589146
4140088619240330
6562088394576350
4253155502693123
3355177006858735
2949014246071745
6158693830371982
29738528110841
6065743937382912
3915754097511719
1735789420861768
6792144579402617
578318316019804
1148715023531643
4615126919852588
3561068516166461
4854912337940553
4457569479164434
687212669395745
402949427300156
58835449221242
1576950379860549
6485067052939949
1383117600323077
1586773347241375
7268021745307624
8217557161983735
255261767898377
6806428243268367
2379908625665621
3823097432559543
414022310314595
617057931042895
5051961623559631
1262106972237848
3219343752695218
6853016240696774
4357264650773261
6779133520012904
5814234057169023
8541417965544779
365287444872783
8899406432840749
5228747210195542
6760390483913228
5570807317838009
4526315481271627
58395126281783
7061555532698388
2374244806379810
4925632137103741
9932545353072015
2959090468984025
949616642874537
7205005249822233
6391681652376611
859514841555666
7736790000120709
4367512959413766
829399474286432
2816125799479606
3915493117709810
1352429585595281
5026634643230074
4889047570804390
8399976851115373
4783575336191863
1310186216551623
2004159626096831
9767951322659511
8721791715522856
8841186138680625
1219747724523329
9265852124587758
2317474087790834
1775751686096259
4646556195204393
4670512063532897
293007937876208
9033494403296759
1419444726788873
7533119382699422
1344293158164447
2828155759359547
7224367413335031
2199665989756838
2129022567378761
6957015062951400
7244697904911144
6000667510169874
2990292979107725
4764169555594811
4935174920141090
68050411955259
7426425086961522
6581671150904159
1836119900537741
895890171981981
9371128471571731
7556918254401593
6715635321681940
8264283304551909
8597566434035701
7015720814985927
4726836192313301
1990085304210231
5750047084942464
6913497264941282
4806843526334101
272670162163777
3269875192358388
3088870205481250
5586463255375445
9252768343536768
7629140050643877
333507747029601
694425171453026
1931020633201926
9447257309616772
2274388829379303
2119878739159821
119825118194245
7751604264437870
8540329968435325
9579760746459428
2577134498337035
3512298612184034
583558264494893
162768818298586
8995456882225085
6614991703978206
6306557296250320
1540310466261633
7909128323578728
7706036392033226
2414013979450373
6453097279701054
6637100644386695
5055520160395381
4930097033453274
8546871897445388
3015831143963248
1775028753361828
3615699951048313
9686712931286375
5119731512785877
4203159552233159
4756644375822984
1757725311272716
9468469535201202
6709318366733026
5056554214625061
666558136967959
2080519877228926
1282635320536301
181471819780995
3840516608136855
7592405608138976
4714757139352855
6879646511805866
8096932757117161
4475330816068418
8046783380912989
8246647125224036
4612020130225861
4256614996578335
2918911900306239
749596796844037
3648211928752896
8136043636887649
8740264533019577
8325633296074743
151931719905933
1417415549505570
3483779304583032
7343715253400920
1868416367743599
556184646029037
8562939782258722
3857810574441002
7661133984941481
726812734873086
3000121828414984
2715917796108515
7583425349048108
2982131059479927
8861115912325711
5587881154148132
1146272038652661
7963500957525931
3466103559196329
3359519493553766
159912862776036
2723257952230925
251568241912814
7063644473388725
8143029839142160
4117299249241314
5319074092263432
5591380327221827
2411397200313622
792930623255450
9487976319656212
9767374847188670
4294044979636488
1391844593852785
9946474591331684
3249653640119048
7396724370860504
9903709037508425
9259488485343205
1033143086422971
7640678758239701
1201414577618668
7262467168286580
6313270631512121
984185593822190
131019667745987
2782736293729133
7413866940499440
3079767938021769
2170007960429941
8194737571805946
7158313890690825
6546553004431527
4218525999572855
6943601349587814
3585091617108438
7821462129963149
6390880395561612
6315117333479710
1449855991123784
6360829584439374
1743971778610909
12130452122365
1676114477353274
9083861613574700
6418214065758713
3198814919521941
3490043865432697
4373093779933331
3188522138848079
5516692466561583
6050763735720339
1065869204741540
7814621091577841
1078901473306456
887042223999918
9310095620383273
4568861497127206
6027936767966585
8949360244802789
501883015983825
7855973204366255
4224181512843229
5368390783838611
1037397069534661
3193511119885037
1451494040823222
1186413911632073
2216062001960012
6371155691471548
5700571389884047
1211604698991544
2539120321808679
5391977783659701
9174778293731038
8904165385104355
9444376840852080
5973103147922693
9782235604922619
600185818959948
4755876187886900
796730683814760
2299976639474194
9287639428828061
3222157062835301
5353792479195680
8008066278923702
6864487419090454
7395245122986788
751028898083644
6016125234292718
4923490861581845
5703818988385818
8081916102474516
3800859537592515
9828805132220337
7985665996488342
8817058063111693
9328279470491806
6756935522608811
9900706662763871
9438105825421502
6880617707994735
9558286865979389
2450206517296000
1909156920777994
3417618548627481
8772623143159053
3151724017932898
5432304099811771
1456435464868032
6792123103706644
2433545471482201
8247693717844814
9095808388000672
6014742963523237
3743261710215371
1050300421064623
8900106223059523
6502062640545179
8356191880919459
9813144672238588
6545978075497225
8680419468597023
5114890459152787
5306334245451777
3486860600280305
4187525115926805
3045314959255145
9231926758767579
1775303777412605
2510539433538968
1756755854121466
7367547767303540
6016821719455281
3032341101701181
6957948932571116
4158613894868297
4775067091568169
310940201920319
2560500013349402
2578712193589119
2831696286657870
8478717550928568
8391873112496592
1038847757153317
7821772901073523
8457640110135370
4630537873919322
871832510487958
9874468185447377
312984406480636
8674306140914638
8912997789250900
86018271381223
7527190340027286
4346410852247224
7662965551832270
448577949750822
4020861864319988
8689252920439627
7321459508310951
5546656980601450
3911426371216818
480574032095766
893249101912666
9588564182440798
4568571995450324
3363184791237740
4282575392124622
5865550187700302
3049383546978540
7546507277911643
6471403992024960
9063752566617466
3470258415788013
7490071982991072
7768175875471111
3946964065944822
3483451477549182
4360556242871758
5662578162968128
8990854059471718
2896501080528131
5451144729830321
3215874871807602
5379101602171816
373420626912220
9004757185168154
3519688048443809
6555745673504427
9057205789205019
8188135543959
3416379999425010
5906829178176610
7938599310846252
9758201401746042
8545262353527197
6004824840611774
4266631036941411
1148791416029343
6568931413643854
1727872556959123
7567079237952759
2290344011061605
4875291352741394
5180885866357317
6205919729936193
8604118803422657
6629307323132669
1242307307368032
3810031740838269
5427577845996269
5382742566323676
1293440849633313
3193284672635704
8718261034098105
7533242048236983
4683529781760825
6802186700713397
501730193482774
1921474297054185
3723292839275075
7853702287686257
8667279462135238
3088794506079021
1661202150656149
1154627442693242
1842163467337550
4714120599468437
2308271912754991
1059816617116529
5181039254265486
3377633891218041
2868139479183723
4305239880690727
3733683397690645
3669716744169945
5604376355302535
5680448867806668
6592834083210030
8964775481292048
2895797748208846
7229244583722038
8884382629401754
9119086476130938
9513986603948926
4804470513938137
659246936129314
3545870139212276
2296693589447729
8610872472041681
9663496728472921
5951115059054086
6271618950643310
9029040591735315
6190676368478388
9801176060365552
4990181477091256
5094291587564352
53788629084757
3549388984338123
953248281868040
4255729969995573
1837721037803828
4319666725899077
4349091550759137
1253393210363361
3862546493554211
4130631680373382
7307993807284833
892237615415732
5782878630983947
5438695027917287
1139814148847773
2180645646702029
2914261621610136
1242405766361451
5078228345541742
7298633907221820
1622190462799931
7167062344543012
9588487670872003
4506106758257564
4919634717758512
2964854644048375
5387932680886368
8329752633902295
2753629265237356
8528125490714000
1412016102656935
8274524392474721
3008102669583583
8580551124621977
8860918268638872
8821582045286129
7761424019550781
8296240841270843
1259917794294611
3838046238354259
5423390297069082
7524768153676571
9827410580069789
4215959383116945
3333057100786270
5868357597026487
8843737502486681
3654593645689721
5939183645575561
5146653604132753
1839028418888153
5163971547133700
7483530151008138
938743626577131
7058589444011074
3709379572857469
94522970170130
4100923525304604
2075640959482485
4688169027502576
4595916278324224
3926665178338199
5717837227685476
710951649860306
1847728952623391
7262909302239758
1242594928498068
1600343418965565
6317819734924746
6305938004786419
4837032827828111
7030213797820314
7944001910415487
1362288297733972
5886811761087549
3885860134190760
8800617417451566
1680019164931721
9445931503319388
902741002225127
2614051299482595
1160612831079718
6564377583989984
5310402665240256
200218012254141
2299618936005241
6782247514671835
769462445608193
3905227102584074
5372216616125412
5097771643823886
7620934879739820
6980952858240592
3388112130638527
934976456368411
4332778182724040
4308478931918285
1983255505812557
7508829201947651
8513501364029304
4876397119508557
9007783254473641
107562365708404
9961083642528994
1352982051266686
6721839847585074
9412531336681516
9455833113117684
8130421774799226
7291400378309986
6078926450935484
6014220543183227
7827919812022654
8044044667709954
6219494125991190
3565003341373095
357854201431532
4434541849323808
6667559088852950
2714687617660524
2265911878701710
413414096025810
1695388029222801
6634181422467928
7103725145444946
8424806502157600
8142324088197941
2656204678170180
1416234039455039
4798286117075787
8441146965093376
5879428618188417
8132961977560268
5642546272697383
3281157982040603
6716786571130053
4552435449579704
2526923157712609
5116810717388190
7189146855111156
4165567008574221
5395509378955148
5105708551357501
7997826898401287
8499490641303708
4332377403990737
6034693983511584
5736007414194299
7899241084636262
3097305824727786
3653341375845319
2012382130873924
5632305307156901
5971692690993282
6672499923516563
3125015273871364
7112139837397323
4654609238610224
4560539079310716
4745853814212907
2987629472450943
7662980147758224
3137296252300244
3824423233174590
972705289825274
8289651264185363
4684268309530398
4013972664887635
2281350078517843
3154629596676041
986424025157125
1351711460455927
2208177962845464
9183087178786119
7587191196015397
2399506428626671
1585509390906301
9367893471121452
5336017191996798
8425471033212861
2430611457491525
183932304484356
2934431428580293
5222327831441210
95996784780478
3334138046272910
3362174355527517
2874962388487548
1885595522803790
6957799444582499
7990075086007814
9698514691748436
9650510361527024
1915934522591384
8768523345569385
9458646223163042
1943011596890480
5860803152637654
8650912445825506
735925809320355
391616173422614
8050221284703409
6251009343987812
4058268135776707
9096003951485582
6512775876813017
5246760384079222
2077999809962480
7305285515947344
9279997947489436
9688019489845815
4436235829757546
8579718276816255
1893156400050143
8305113794861572
3032691656313396
1044309342454799
6891630025633260
1256763066693217
4908542250010638
3568745253831549
9621306362707438
6539066156916210
6030156122974651
2308704065704915
1749449094721424
3090864093559146
4846852671119753
2802661621790309
9470784296870273
5284375007442437
6931988379247102
7893633104964941
9167802484977848
1423783817224032
6298166485343396
1222259624115968
3602460175617410
3426934556349351
68374209164458
4906407534206760
8432383254767837
9868397393518671
2554163813187378
410623816011341
1830880272260067
3260095683536864
710130187201917
8038173410816264
3372485925715085
9698366862425853
2308725458986335
2501184794741214
9680211553882387
4726252892965190
9343823164619597
9494671724184854
6773545511128927
4321046370836737
1083840420552135
375560932915552
5550724027068770
2313405511147059
4318045355910147
1166026006479101
4953117378796492
640505785351877
2287979209921250
3971027601762076
3244958704449645
611973234117130
293612043189140
1900539248624572
6433305195250919
3476699787216972
3827398381816355
3635408556359796
5714684938720327
8847184463177020
4514321431833170
7181739698340166
6569112041929802
6975262567870714
436959834356180
6656091152247231
3271746856299628
8783791672228686
4113755406528257
2463328215101226
4336563321827792
900961784056696
2363576498036069
1698827629993200
7265103606272892
4628749471620799
4485515673877836
2276148470052385
9729151605167053
4044683590604622
4016465506313335
6626627551646459
2161065258631572
844964516875793
4286915324667778
7401691177091724
9982181981195623
4635831882229169
1983386668833750
6303488131218151
829623383771516
1778208586520328
7285730597804630
256500070334910
9537905030619488
9647384965641941
6772308585523093
5998617068759709
8482129253885629
2611725467827407
4002297344304915
4210860569706109
1213370156275690
2412574903377192
1417339774855956
5016643313457434
3686743770071284
6667250886731355
4035702516384628
6272149620369321
4153796572409054
2634695612185733
3273479306223216
8566633144832923
6827812899645523
6220038157581269
5993192160433764
2529010790968732
5377740060283888
8761732496950717
8803715165844341
4240498937117474
5934431836857549
5643911141300826
6757353036850031
5528571620097545
9492919450505552
6710420763644184
7498835280945240
1433104954529725
284875204448654
1731299096766605
6388765097888473
4416612495625469
8337467345594234
8604978623794380
933698758842307
1367653311859674
9534412903608887
3792321742910220
8617363205888484
2190278367769827
8507864054703119
5539842662203897
3910241741266232
9305078259452162
5402499112907974
8534042052390620
646913114846095
9653791289921034
1717214020572812
7491247802969775
7756574099206174
590688260702052
9075727609480551
4398391497688808
3569123536344693
2987638456179296
4740012642723767
9400010950375472
5831793311225609
7915445230540482
2510180955520861
7338546558837593
3558406305674607
2872541641990029
6210255907762433
8115194196255915
4688405347688668
2637299181234566
8128023060984356
4380067532034479
6847338271445477
4517223466781802
2194312508914384
4607504048144526
1803113308924667
3636234885373143
286487929706204
4525225757965595
1313501999696411
979738100741172
9881371174713451
245871842507967
9076838436728313
6218314150571119
8125793359992000
6206326664968186
826232310844044
1942719676895220
348619544235346
7471957657710008
3824325842281840
1242271104992429
9588351550459532
2720299621854128
710092983041835
4906318299798887
7428290976579596
1344966001701406
7732738315635566
5166079662936485
7822096432200327
3323178632460348
4761473702639905
7923923297948981
1276549991785748
7497637614804534
4091094183575149
2247285171271529
2673253079488111
2976465148552993
1641317455460117
2395540297795396
7837176030625506
9034088179473383
7013347615045465
7316757023388861
8174227211771510
312496683884956
8814071635736385
3990241272599838
7467032560148244
7336821141507060
1903720718114763
5140743147784222
930230360237552
2023849486818297
8720933662911237
8301847566651209
6228298935179613
7952415693877231
8917633935600243
7446936194376893
3460901649384374
7853104382721950
4313773578713947
6564768474075136
4209858881969229
9209755864787349
9796215319041675
741010559475423
7517939179944807
2063264928063715
5621938762330074
7596374707860311
2720452638686332
5355557087385352
1123178459788612
1110535805139493
4554194067548388
6424155381226309
8385124164329688
9005654515633107
7702805120951092
9481341612712010
6153960060258386
7627362897164799
2571282826486568
5416555019699103
4999677506417321
9366525968482632
249670842974747
6581694248119894
1842455832434814
1829943552375087
2807912708988357
6606690645889563
4382114189247328
2564045256689364
9283593143463933
2506851744895815
8381199857150394
7042029076277667
3029508069263617
8430172508157263
873825724504738
9041684644514468
1806822793926362
7906467548761302
1186348262601881
175542164277919
4149520567641433
1326406903976373
1139646508097519
7080622146644983
2959250486017889
3109905744442524
2642460833625546
250694815992998
7560749433157369
84019078264684
2559548362248962
7589989244991082
6275047114878177
4848561274829485
1559718446475610
998842030968961
6960338606464460
6819004787331734
7099037999434182
5373087565504759
2262742211994723
9923464785279960
3609970101805080
2641262674018086
8262176520019912
7459735645583364
5605094669264337
1325527443465503
991629204433580
6118340903363162
2554015286099432
3941138133618459
4853409645346561
6455299546475688
5546674315181437
7014442367656568
9787845983499573
2994210846776550
9453663390378431
4659221917569123
9622610629793006
2353933355743317
4447957360241730
1962552294852563
6196999750592382
1880768849730878
8804301409265771
1762303441684351
7537098054170535
4842871455643656
8687264929244671
2232028838232095
3811449635812650
6604539001088788
8211935750303698
3639553953952361
5222178004939357
9195067007276885
1796693361547958
4823755545763998
3189104349911727
1217518341182191
8261009675956593
3606440240420572
4905065619293050
6094331891554742
6101545076559080
1077107668903765
1932732121226737
4913304264472749
5348971147529136
7312879479985344
7871447099600079
5709870856002035
3385229971400760
4999135067792680
4099470894203576
3821004070769762
9158020931812921
5395193190307527
9904602772826824
2694301672760581
3303264767200717
6009598321678136
1855652141723756
4114448092554409
948864678260379
9031050915532992
9037768794013951
4510001487290775
5298425009325834
3167609397413098
338904535363135
4792927890085691
6745152046649846
6666616380590513
7399987583705991
6928385119228865
4707416205418047
9081464147819693
1415927459207169
2714731426554071
7782481397597290
2807694784013865
6172747105677606
600475819556042
3601507870353461
646154132799963
8234600837322067
3592783796523151
4530192199144691
1693209864103142
1071807503600326
3259846148150669
450598610957836
7640430117243425
2810576387812599
1150197813384116
4748104751231734
3659983350052131
8276692095135244
3362739121972717
9227879313087278
3636862985837901
3847566309982548
2007521101937228
4932778391336673
6976348601268551
3734911675816203
829580883596224
3684685911698009
6709143405976976
196267589816952
8963261513621799
9643129535532571
2153387292066987
2894651514158319
9297512242458355
6165155403788451
793016703841416
1676655855647499
4731614272330549
7558272375687855
2512970610265597
5995495782736736
6617265395145589
2154869049728934
9075335722333407
5723198154519305
6291131346681290
9677435407490296
5277330976626227
3746810964079175
6841885569531134
4678903753661662
2486300317331487
7631565695246352
5449861708294294
3326269906821966
1859702470478985
3727103645291348
9745565943245214
7882370967184534
3132302040336750
8455784721188953
353654718363545
1240615019800158
1285653587533375
7599838300940307
5726961683511719
8337690691453826
7313950838146736
6441907582261980
2695188394579275
1624968945789491
646071622754081
6750707473903745
679467752745895
679311052896005
8766122413116942
4807024266221279
529518184116987
5067937328603162
5876231505904401
6447701283582522
5216856352075498
7389649633283019
5570406895670398
983439352069320
889301852948827
507878450994595
4908314366237190
6136276235695592
4545519058490514
737220865520528
7872357474549478
3298931591004142
8834439786383132
3665406223384407
3815373786577281
9785418842615238
7445610257071600
4230469897824562
9694849010495852
2404715393766506
3388705682336465
8449806191966527
5717475703166746
8630696874482558
8248986331102580
2464588268213009
2642152764861845
3741077015785033
382424342717656
3229827615147650
6374646362968557
3652172466921038
3558383130983169
1049951314826762
5840887555802475
4239360752977853
1259715890732698
2122888141375011
2439318819628072
3394087829642132
6919220634316839
2446124004303205
8354212241764657
138335080940764
1088283462341117
7725730026108749
7417532620379995
7833717592923847
9578526442475508
3361074935507489
8874196248895167
7320262229132276
2471180496259973
4613912931960781
2343105948131754
5011515701787443
575421504177888
3676050265075479
2753997016323353
827623908053786
6812528194231677
8975556001992087
1761317216670648
559135316599197
3362534850361135
307337224898948
2247892603016507
8775380841440254
7513528941228078
3236655068568687
1347725656541755
3439912296154203
8572279510561199
2198715733204561
4516081201360846
8941120389256788
4240071750162830
5559692932910850
822754853034868
63638094864164
9918062542837324
1666261485077492
1526782369064267
3797079416449944
1255231502133540
1236147921523769
7731144096556782
8051373435783229
2832635415774725
9573774994428370
7796303957435550
4289862246214001
6509090834911884
6847546009903786
2954476782725779
8514223419935231
6045875502311627
2165037102874512
7068344183512440
1060050171711201
1613551393010575
1850087441011704
4316809967981269
2125405750290221
7385784589298713
7381348285253676
6219024943509480
8619364367153162
4825083777151474
9983524802846106
3561110152441685
8801360544790963
7608449016816775
3937959262307273
197903991778422
8781472718455383
5325850670137344
6378229053717328
3857558612993923
27234434749734
627969205855216
9726362765174715
4618345277716235
1968380174893098
2952457364455306
545470884104630
7089797604103481
4342757196715109
4551521658714495
2746621341130850
9181190954240702
1628725450359497
5023560448282225
5448695301612224
5835728837102840
3457702523081324
5311675921531982
5963646060384606
7887279338119834
3365761025889615
590286539694482
580802527490517
4436817221905171
8375891940204836
3247558435250542
6115413633475573
6282067389248851
2112802696460297
2158235261588691
3546952506328864
5880398903130211
4489515699057946
3988251699774205
3698319407363690
908296590240084
4984838518489101
8952150957382888
7347289235719619
9182135058765397
1675321523242260
4745701038684826
6390530364369094
8144423382652794
1790590284793067
4198850872503523
4715413825206840
3101292844391521
8439567348342981
7148129821967017
5714653663572401
8176658146652691
2438760512384082
9412294809335541
634060689153310
6311595672698461
2218036678860410
9460411109631678
6378627986925218
2908028987475097
4867870010674376
5268354544740053
96716413955807
5795626197484609
6361597307392892
6817832165658223
3595959590501423
224609785629785
9170875995947006
6276313231180941
9492543230366852
5969994404656261
9361732771039502
8532038311551851
930959600993891
797952489434785
3720681085186772
7164798136098899
709966496761551
3048468839251246
4691134256268142
8695351458578758
5220641442704527
1144095492462834
1251911070977599
6070002852331283
1873900458303987
123908658939938
7251816383585634
9496084364707357
2671161790997240
5873100514295813
2923816597979617
5662540509170899
1580560380192665
9762572556526652
1631136711492069
5928955634439907
6891750264314683
9331335489474766
429235185823458
6619034754457083
3035740078158895
666139260889346
5964945045829074
4885303258550507
424663547608066
717889008854359
2843753252433879
8896558514834391
7400110632399360
5661961398788453
4413553697034931
3194216399946005
7108497664090250
2668651282445593
747548596737157
4164597484947129
9746340890274713
4132665068894985
6369678531903631
2051722099356678
3010521572996146
2328640127063106
4172556242759133
5381746298570927
3746164534522638
4601618755722767
6470065173634637
7360967541688098
8754990440130223
8455594967263441
3153139998098978
5592089972091490
4073515316462467
1971269878888641
3922702675158913
6769146852223915
4132643280135945
7732138959463213
2383966447929157
3161493483414025
282957774792565
3416338557890366
4795961883589448
8588422559523266
3163966315778165
9314144074495772
3441211352085590
4707899616238755
2478130041042958
9775244026766231
6688741934490099
8764253821098282
3963820769849528
6886042970135777
2064433564061789
9720094149456060
1427214077570225
9029281025664085
6731285432574317
1511907059644971
5611857917391211
6835181469702911
5986005659252703
9511422845045106
489671229436808
268173705458508
1418487010357431
9469350608759612
5429970320967782
5250154058819233
1348561047187565
9332413515390389
9114838800503617
5296359979637225
5914714693222898
6643704521793645
280428527353184
7093444811272842
8272283203875248
8407116958410105
5201866106958330
1440491455216936
6702818533294122
8769242541666372
7130770579000202
3942512107955863
2042080939739129
5257226663265305
2939592727238882
3407246289152597
6041089252551277
503521039521369
1828235424953814
330017700386269
8092507676173652
5145012724183124
9312267071502313
3965953272816990
4391424236706855
9864084966175356
9123095775588647
8846379236422218
3603481405864978
243305615250545
8534803165795094
3175791968075880
6976736441251748
4253769884484921
1274836857490747
9786212644588328
1037337433875150
4866527650467767
557676670621347
7537393763482577
5235232715957042
7981983184070216
623939789517081
9281948085536987
7147952410194401
724368024704105
9638725265409234
785902720885745
7449358842139424
8430813012348426
2182624552445555
105639896174517
2453783165495311
3758188124456927
8310804055866480
9428128142384264
9724212629208802
6291603238212290
413120012040655
6223317526957065
3563401361860736
9859768506066651
6810841651476459
1737861515795936
4364104107780701
9156431363770398
1620313787014760
8050732749004409
4379124985343809
1283687940295255
2219491808909066
3694985422304432
8889383642035357
6240495154674098
1135749658667000
7618323131125502
8016914711011321
8357601882933906
7419286121941231
7721898886434688
5074532872705507
4026620642259918
9138693206098439
8893548669360532
6040062963317693
7957108138723615
3750093539931933
2649204255002300
279726691734958
2033288446581321
9543070345863483
5111898939379930
8184391120545980
568955634759095
7256471867086940
8869204250730959
8253443388005707
5188944365376663
1438632980231296
5557296040128778
7151927832234361
9228257949541349
6112645450664941
7943178437110153
7770555506518160
7274445103521953
1801818823330806
8013160675716609
9048912809509145
2838181841443444
1858746772000795
1873670900867004
7567019906348918
2898707170175667
9669167202526884
3489981046012082
8848907634709912
2850888042958378
6689308586550543
9855465946808534
5781955268024776
2883782521007251
2334048916027244
3293051274613068
7771614150777886
8636468389967682
1943520253283712
9764696091665489
543643226095096
6437786188689844
7175838317277249
1176389545242787
5014934893791414
8371605535688228
8181115434359425
284837408106271
2703858819748258
3419289493670117
665853296477736
5276003390648051
6963032497324511
7584882640458475
1480132228587465
4599091783594796
3544502798169658
1013144392727923
5796475737472486
7862808617095945
4181169885608339
9894563521615625
7939651217966742
921138269203681
4975098600029776
9482897670548378
2014015353510444
9952807640845820
1560194119173231
7896369738229838
4388993801874997
7178062664729082
6726491070366242
3359477672595407
5920310579172539
3377404639612034
9905811234449606
4485657023591000
1951559745154859
6069500236049123
4348162806308954
6462192500812561
3375580246406113
1827772634391937
7422858201446586
4626237939962552
4281603998095123
1731687839873657
483927236190528
1249138393427806
3359463083918576
4049156576007238
6017281456435945
4861426039252118
1363261299220668
2440534209854822
1366491662698954
1457040392805999
9988407193683021
380014311619465
5751955868194726
7933898223396305
7212620076214513
3694268523592236
5258000125915362
5618153297669515
172914259574527
1016119872089258
5229767314568369
2326312181538348
3903128008433470
6807908775112653
5220537940524965
8084346229363280
8142119674226350
7083483544272708
3981562180211121
8529252008739986
7439617033236606
9057001448370649
4362203567321855
2149006038658261
4152924159334305
7966321494998262
9967518221128777
5992561184825422
3863681660959468
5102145723495646
8634207838492335
2700487998813839
5835378923443562
5393302744315306
9200134767653377
9257199803571962
3098041594736268
9792906838870109
1623060521249210
5315806403648990
8973830410770786
5650197282652895
2080258489982171
8299084931977095
4885999240940504
2415303623436801
7833137144668896
629950690802692
8113697514725490
7382058366217526
9307098764882963
343040899912774
6593535365133329
6965045731631495
8773776900471313
3940708316637446
3588710745064437
5757158516734221
700349310104616
9161672672204139
9182541539401963
576980285236385
7092841196850423
7611554780306134
2056190925666377
893140100912556
461390328558645
3893461439652729
6575929970602284
4604467819331400
699100840820244
1073103205173487
9772954063109366
4677840054984931
3779286104771122
9441100862602534
8574310126883655
3427336712546935
5608430480443792
2712259020643151
4016456161322279
3772415953176411
4058489858997660
7553136917056846
2116798499736962
5028579062971882
6776416541178703
7124760581489359
8567190808325159
1873906361564583
3639532939995248
8899915579056981
7096049429701232
5268272358896133
4581359729550362
1342065740634069
3619223527097557
9281494137975838
3013301734152991
1898311919414196
5631253051946618
3935141535857695
1132969922649877
4294357029340525
5140291099832396
8919004931325507
9881696867750576
6036681503075200
9798292338775274
2053103183295675
4437621108387626
4919258403156171
5441936882600566
554591423552489
2819622319923188
4490588387138271
7896514599592680
2749602689311531
5165713621922630
4067746957558145
5794354593725610
6502920077811932
3369938139190360
7206939156865494
7791429873363588
679430406764303
1013415551937315
718397190155320
9103932854965423
3255764614811508
3689333212057750
7855221403504015
3131169033435271
9913110849235937
4424618327108429
9913840058832553
6546984203360888
7745985521997737
6918203052321677
6630700160120962
7646668619306451
9724542312412377
3914843840752554
6789685151358434
8147670654971225
7588043768385057
193911367733643
1793238762892087
7315564851472247
7030275227662320
5802860416314384
9078631143592941
6827655116849977
59401705961840
8319705859777085
6361978004763946
4233007497112930
7368573415165445
3578868834795998
5974897120829339
6211647403465555
5334651835745152
664882447661717
1642745146291243
1169478542049715
3523782940272089
4963418070278359
9655270866447020
3336767810663288
5887405610029230
6168421411466075
7296702539453671
9917050143494084
1416090800645659
7621442348039971
3924638615306179
8089965416906267
188996655206575
6288930895677927
859589370738221
1193446332772266
5040921718375072
6066077099532450
8973710142334983
7792002557653895
2035896891047651
8202718116265803
2182806333202701
3106249494640800
2213406383826967
9902591062123656
2459196359101522
384288891256730
5461412390385078
4676977376395162
7100362666243409
1041611626426301
1592121423062600
1274198202134840
8693774844599586
4672491655495750
2789912742010159
640173367853135
2518563959419578
6963104664412216
797332873212526
5834975649442145
5156114371723589
1524612758453667
3084867572631515
837796434520820
9281216299328985
7094989844126086
2818078917688628
7025213874306472
4717976801887408
9435231957610287
8758971249584730
8784129082689476
4368008575880894
9453159863412249
7199562291776475
4418944767554134
8262212970139156
4746491142039035
4348858036327856
7269679531407189
4785079292569557
9696496348375437
9806126849152614
8132019854097696
8762785976843517
5587412556903520
8594059303590066
5284921956632617
6031593797031135
9425125992682198
4907749447180155
5996903457675178
3460851948887304
610694570159572
6357130033052346
4462443193630787
5463959574570153
5107830201473229
5488985596657402
7763589102108513
6098846826173006
2901642291838328
9948341352551976
8632096996583766
6339344804635542
3463748079672446
1488591959325199
4621915685125628
496292133095719
5615827674073950
7290498520829576
7419748219742308
9699649543849036
7227283908891384
8468788427329686
3574479588261224
6559049775051873
438322629885806
1340094051612204
4315529382872533
6245242654914024
6262830537763904
3673190914420515
5127857300530146
9382612732532975
8389264935187130
785906679713811
8266702299527342
9708348079198877
8712777342227908
9350436594454405
5047304415786716
2092233941580281
292374262699712
6982704630196191
3757591967230847
1994905739024890
4880703523410930
2345821479205917
6094831734735572
3252570490640414
6264087451109277
2220528461940
9139767840645104
579231458698707
51406432001072
2932917482226716
8982367181998237
1411415778015395
2468406290997076
4832432864369971
8766441740997472
2891028814168945
330478030702892
9168665831541964
8665090123920082
2596372223120629
3932737850388876
272818660697696
4922073518476134
6194366239188918
331929123690700
1015668067639200
373876678963654
1264240083498039
6344714831578686
8698070941411887
4096432862017828
1650998929639341
7312461344066377
457283518343369
3922293294968668
4397498781300662
9165524025115993
3033218650136864
4575631241807112
3434035536101307
3470277428124163
3959761807842106
1227699116994056
629037183892910
9073246795971595
5914078307881528
1284844501101908
4625240132139575
680824827628266
6786721602397763
6458118493159610
2501092147872937
20443533217978
4238861964472250
3199404086555955
3444419858137085
9743950503763465
7846362424246776
2233793156661124
9378858210092686
1482608574914506
5740993837087763
2300233485882131
3567913665728211
7573857244816040
6707930953345348
2554481669530026
3795380829463700
8525670674846520
2139356230746607
5232133801495662
4074407573390600
2945205691951794
3159959514618710
8871106462335826
1936280993183091
348243637658163
4864582196501709
3358808501479494
8067034765210675
2745555892380911
2081252598572431
4788073362730653
9445741415641938
5041633460454814
7566555714066526
9808840053922538
4265240192655133
1580428796786174
2965164194059377
3267034054740932
9080094314032073
3953195589581248
494251248406484
2087252298109013
7993455092140283
457819633958933
7587050708457839
322168696594687
1353531652289228
2201004094461280
8580549521282856
4658944033272681
511750945072970
8401764483301282
6301198428304373
2875827036450245
2416847256957525
8882348787553313
4664986201138364
7234059915276816
6741186095427980
3469013056776680
1805040807363087
5065722776604622
2195896570814668
6497512241643225
4353854534863135
3180055323996630
1137606636892437
3767070452577185
3768925166408598
5341138079526716
996378926577761
3615667817264449
4163990727968393
4210660062793473
8816634296946394
4940741266472140
5740437872208276
4837057981121256
1174171568427582
682571612485972
2740954104522562
9395601536389822
4735572487076010
6046626759241803
7917787900330852
4277535639566478
6714584388029485
7520615858946242
4582400271448329
9025929704520365
6289421241890095
2966978956694364
3094051654208613
652970774054267
6823047750134971
334091700151208
3638810237124268
8405104389073716
3270573844825061
7514521300696622
2859487734218154
5269468915883074
4049687024185398
6190480601668866
4305424077823986
8286755785424654
1573555360443756
607310887496270
4392452014635789
3084882916743706
836865585539285
6134833637784772
3163440276957978
9947308949979444
4597408290645408
8534456409658854
8859814993463802
6115293083778757
2452823541952282
2136415644251651
6384596361821142
2569485646476312
8790864803066155
4484280974707952
7555779043379887
1539931469914820
280870757958363
5950325294167531
9838178289879327
1057088056742179
7786348031094503
6494983203009365
9161319934205
5662701039716382
4583477349965550
8444421532364432
7645599843773902
6591342459327303
3374557148794414
7502896803897140
3938824940615503
1784172553738378
3260330605732769
7750072342475771
6224768459770847
9463542657097755
8394756560830912
6102998593190672
7117895044099831
7504840296078617
1363679485853496
2618809572761399
5178694809403886
1511677056920320
662322439233048
7435304695355838
5725534616035788
3009865619111869
2753579861632207
6411300966105187
5607224700455162
2583259364675648
8947047515960592
6764186546812323
615735441853543
8814060624744447
3220492866712528
2799094609575259
2065146671953039
8718142870842761
1395633959367449
4253110633687937
4373985378291095
2903656153577746
4982674622798298
7014958335895286
2634239559338213
2517103337600112
4091790483196718
9302187866185584
5987218624800714
4116745584075721
7350125794996982
1609341642751931
4290687596963403
2819630348231167
9272853628937703
4156227860431326
5780714757892655
2144340398580759
980293210705365
1639948346481778
4860232460436688
471661518799375
4417518494790963
4459227645674330
1479600192682187
9393395265872280
6746395324775234
3822959485031050
1231015109989781
7310998438021011
5551210825214389
3642690151646636
8434710019749892
1417124892361905
6395334941550094
202589260427233
8401779549014182
399471845477733
5257924411625580
4941829520531681
1981316272850965
6505340711810889
3715385919852948
7200746245759376
9088561538795662
2599664632716414
5682629969854363
2809629397101800
2618832298978331
9080943562243476
4119867619524237
2488975252783436
2683762755377366
2580228421615583
4073910089828637
4923780427156658
1741217040040616
9261290117047065
1388385643569674
2827990200113419
5184597028518393
3040792507119669
435405628934046
3330546974006812
2817799076470507
8147865637893383
6760995135784423
452164910592951
3580219646715537
8416218400049650
8825743564466892
8669100909798666
6617999572168084
713468959304897
7623185964349277
2434473117857007
9649659455999564
414943582157957
8031695159204076
4857540250388271
1647722270454379
1879729374812245
2513645926860110
9241018339163903
35208807431046
3916945656897582
6442978397779338
6482783073217994
4660196645938609
9322816932988298
7220107881426817
7447817437832322
7762983715075365
8035328264640860
5139762633588337
5592131323671244
3025632459553134
4679229277123017
2635199113975442
9698306452540237
4305910855141662
8615908296724115
5850982490598732
4402014306657598
3952033018913092
1475082683874351
4081283103427103
6991637682296475
7023197388644980
3511266313260513
1474085347130091
5781370036289607
9199983401160058
800129216263573
5189987092452165
237500499758164
5095963242692264
5796073385191590
5745591985737915
4174982081271473
9101890545685133
695537090278595
3832795542823474
9254418137829648
7655518703321358
3972843016316735
798535277860467
2591127692823321
9940431473745864
3739342861935033
2113549090124288
9306712268646190
2178984271941991
8040532631869197
2367937277776052
9249379260552202
4196557794991395
8249124759562277
7042015722937938
5054785406424209
5332501943226209
1908319374488851
2684311477823924
4136829292342498
8448944948441909
9125149871948941
5087886354168804
6265314986725448
1235175142747747
8785468616728230
4920301880122322
992634718638955
8919288144241461
1360412976767145
6378485496675652
7098973030967576
243518687089652
4616171751375371
5508607126614423
5366407381987806
1935896309640564
5768409741756517
3434430208470606
2146401142016869
4749301513362558
9818041852930843
5063555442736475
1492189333131324
8483504898993641
4537405896023478
8422037129764569
7642687605717162
6586729328231594
3236688755198614
6088885250214341
3074175304551452
4999092159986453
225048047826867
2703665000236897
3202389655023205
4581479095478841
6143039564442326
9708549028003954
6858086346310870
8660793309322223
1135204673940389
4312507244001171
6541287672203503
3943412899544428
7924242754169662
4901977066486126
6985560386136839
7739306015045931
373785058536204
8645860284259715
2132344710824939
3984110289489924
7905587754031691
1277278107487196
1537491028434041
1962783284711468
5170758927817646
7462814705849736
3158514877538592
8603197756465689
8053378161303209
8443198892701140
6613683470393210
7257260243260189
9729894962998658
915240319069563
9439710355802733
8975308516960250
7574161723195934
3703515143456626
673803590926524
4123337432447461
9619976464876425
3114563314721586
7918640779975029
4725031120115310
7675464835021838
6306804827291958
3871534327245879
8172884161335678
4647005676053846
6429713015379984
703612411480311
9968390219705470
681556898753139
5730613983080611
785605497180568
965836906367320
878877854648221
8312589595665748
8143519293881382
8750515356776258
6026540593678967
4613742359505593
8840302646457998
6399354957371684
2257650404712011
687922725786273
5249020130294264
4817374751638729
8343794541536866
2861705505957920
959361404015408
8437969971159452
1701165163833403
8489351328885133
5533725586082852
2832911038203408
9236350641425311
4317952061203124
634484703817664
9022039197423768
628939869579615
8340618684844321
9906497894360673
7212059221505310
4718463253658314
2830374195360375
8152776592843367
3037104511023958
176010214846469
849260707913707
1918459711622905
9805042996958226
6434858319620587
3966239681771726
3666107803885183
8649837231080473
8554304193283574
5254722112098919
2325325145963064
2138288721619372
2940299195694107
9740338416289068
7493778060034415
9216439783175420
8431683877641662
9481895967657616
8552417080218581
7473015379020888
2989176201215000
1696448331726326
634067256559959
2847343265414990
2510834293723963
2834473733502590
9083037578665648
3541282506731479
4353625144007760
6912879925591791
7934735498152054
634651928929463
6089139357577331
4551887102551719
5948476811546633
3601335126399252
6582751998616022
7597888562813161
9419238366071331
9652743407958819
5941115797033092
9542970795720900
9346764713111162
9829129510079346
7015742157557923
1485207289578416
9583418439104918
7945773868669995
547760263918615
1106440231052940
266457050118616
8524744698883675
4503662489761848
2199412434631609
9546360273660981
7711633768891400
5013392602477105
7430161318953122
1643606197105082
3911040180871506
3454986299537595
9552297937540473
4577218400826899
5313536610289489
2134432398936271
3268249159454748
2357400525273046
2833924471555832
9045052631965745
7802422726602521
4460054815480195
4042105349483739
2618724077353582
4962114334141913
9256127774038406
2056186912247762
5029330360042776
3093737724928819
2222294384482655
2111750580114303
9485557800319375
6650559292483679
6654819769693164
9092447630486524
9623373409827746
2019361920716642
7693894768126907
8633569882088029
4824052282787139
7569577306713662
5649682762256575
1223771893536491
4778483300281144
1069857433737422
3095618232806056
5709006418816147
5749235702285469
590194833815793
8335110482708646
6085952008995102
8964888494010025
2457545678087962
1301199028831290
1655522650642866
8533643070947745
3985827493826914
5054473765751192
2660805054442281
3848644596071854
6077809489854694
7547949623877536
3607652787088325
7758038024612902
7414934046193143
7067301871750092
975958483044978
5353125108748920
220213776066151
2640395226331502
8257158672344989
223061256139646
6686248841453371
2331569190583242
4687857317481488
1018669489194439
2896647717706491
8369412262830782
4339195807942698
3842027514843462
9496017920822681
7711262484333465
2678008139543333
4515711931480540
7507823200620741
7357736237378814
8273776645373841
678249954171654
3339610338088633
1741833078581984
3917290598053859
5921373919979494
36695652791957
5822286777758785
6371356410279556
102417780425543
2105464853495985
6243532558973268
8393867071163482
6873600893630740
37813740234143
542757137919328
7557477055096849
4148384646966673
8247879472466084
6561618157176085
4859787575532490
2650589905156850
4527826991614957
6386481364641665
8494647589220550
7158244510725717
8658244994374889
8919762658705644
7870365496804941
6868938782720225
9139537970150284
261687867263462
374941251438490
2713046671015120
684331165420355
587962658625568
7527110627488582
4556366150195223
6206702809975795
6955506734027051
528336674939297
9882751834712180
5695810295968449
5886596625512214
3813273810151222
4447984939381341
5262528859819462
8445578639222677
2101525492743165
7990549501019041
9578670787986072
2357332144061017
8073096156735189
9945607089800345
4624360885859640
6900553438674267
2501035575398838
589280207605779
2784372901745192
1273323232474353
4099262061698685
5429535503636649
7241848401003692
9575080870022642
7077024745890817
9750819070834757
2970244740317729
4148770688536254
4946808608062340
225277982393410
1322844545577659
3071641569076091
4256820344886380
9243232491428617
3333575619206083
1461498496240518
4194860845322089
240638332690111
7404581503612009
8184584280938162
9920535151372364
4290084753321141
983132006643661
2046718567025369
4657984476567344
5976244909178183
1408183010134723
3597529483062804
6252626369317047
1979765936755728
6121421060886204
9931658407960387
9736043048687245
2890858029296804
6758269436873230
7727789772937081
2882903090057531
2567847059623860
4663560455047171
5118626520152289
9212434688253755
5612879333036197
1476497143881897
8291716521618633
4169406960583118
3114823405113223
5571560475744660
7033565845616432
7316421623083736
2504310739379463
9867954917453915
1742051076703362
5222375227978912
2983690551242091
7466046535971608
8361259106527183
4019858809327188
1365912957650143
8481512159868695
4202899216617665
3539465080636608
6796174705079873
759696959189594
1229331157405820
9619736288126861
9317850966851851
1269763411773384
4490311402085119
8872392207004141
7899880875919070
4073651588717165
3188110214554008
4284054676126912
3639400346162736
9515039354699285
9672360802491888
3380130491195651
7825910331328752
5071726129153958
9841568315547111
538191404901721
4174721919792591
8326753582634230
483011226546608
1058929976179318
1921660747905114
9867921759373912
9594238860113193
6954413653410920
7752144073056439
6736136762552613
7755715011135305
9131046725097242
9120317023171850
7175894187421364
537563024703398
693518450504215
7656359805938999
5918082738827412
3418777130942663
425105077051507
6613773893673498
8776845658804340
1939987116533523
2742962764607641
9674373472827761
3869524912011519
834357449240421
5327331447587652
4528411752702500
1237098824862617
8494828133350978
9364423261428025
8029464256672114
1603912949792884
3859497698886535
9206370358460841
2701601202668491
3600688320288487
5860111194826190
8587991158063212
7443312319282494
6126340396246262
3586612202481779
6452282449355769
1154736538069179
164119566059375
1244456586219046
5063234297635946
9964301555274671
5258786216144420
3363448610688635
4401459743734164
9546084108961655
1471354008801441
1894486479403176
7815950851038595
2921370968018891
5959317260536561
377750014537638
5368546411468672
2607091709808213
3524968501695282
6557913910216753
8491475426043566
9341137374499431
6979633819445659
3252238542123222
8149402482700346
330919010390230
9463645491558454
5006682198447626
9265311462718895
5243683715526865
1117256662427025
1331393146228515
9386483040174322
6949995920906369
3604180125581590
6934009432626929
7042834239177774
1658417142149177
2229736639212126
7004199913202465
3810985627164501
1154018998158745
7882453023760676
6667749220074022
2675495685657903
9154901164913810
5851961846114548
1977293457048804
2273504200081185
9304927428575068
6724472288991134
5049759454497210
8844822714704595
8299585888343030
6396092426280016
2931439480425949
130848379817521
5605878959478983
1392704708494202
3311738623320223
473819884831386
2000717246316871
6671889556296082
9643566305133032
9268114954609244
6217908835645773
460576885154276
1972175701062938
8310912808808471
9089841910413227
1282424607937934
212554744586331
7740251798382897
4376540805178024
7416256206204887
448003498497275
4699442031456144
8326615481260550
5094053735799261
5695777438283360
7208902248100278
800640867140537
6553702243868228
2681220207565903
9062462907306507
9896919742027776
5231764508787415
5233998728276428
704027564257299
402843940442209
1388969011941318
1531500523686164
919153436295664
949906475321622
6872916433673726
2717832058434962
5964503067744084
6929503660292280
3141624372186073
9670312898171963
1684742380138767
5835732077218117
474585127315023
7198618990318326
9461048393083123
8680687848108592
8195672370414833
4992182804576415
1545328876662604
8440550439853865
8551741408055329
4669605615665156
2556305680295378
4911077136191925
1761733945278110
7729311693560058
7434007649065696
771568262676666
8030573253977890
345318476940837
7720781640012285
1710828156530105
6963086442359684
3201426491767847
3857140049228324
5054233232354492
4317501675182217
9621732400839394
1112195363541988
4167667468875919
3241428612022441
5587809013374274
4891225557673494
922925670130477
6003011355304737
8585130991530594
2344764912884939
8798896699700645
7848628674044855
5291986327816149
2536313231253634
1257788334382228
9020485089552142
1681507315940991
7128232151097355
9963883674918494
5926123164651769
7301927816543629
2906682112688813
580575879734972
5225404232917452
9036366087154850
8139850034563817
16288450164446
6841686268878270
5155686550085679
8061460136969280
5837866643447457
203076627230703
1168430214686550
9138846422407056
3351016755549450
2545475437022082
3609698139907553
2939690714796542
8353783875355521
1568601918799984
2455073728856658
5013559898261912
2341611376012273
1125563631435667
1397215746633322
4517319587870402
3588172955055519
5154966667007001
2849489504489059
3048684778998978
3714637450992518
1023267402396206
9840524873831467
8657041090532940
3073829581678308
2044209432421225
3929443290423006
4105867991830993
4204241031275775
2004486384830043
684586146064315
2173109522161708
1278250305808489
750110263248609
9182295072140989
3229667438831489
6847369851628863
9013665311598121
3556333338397143
5681784405697633
4388498728728010
120261033562337
4710764982164148
2033465832794937
1054827104929467
8250581556670463
2775589483525004
4995462350670290
9115781397893711
8600800605322414
73920238499133
1867698665952049
4811594128707694
9550264069304834
786473376353059
6989134699687179
7237454661061809
4252095059052332
6516098123434144
2746153607189950
4970553473398025
6983658455380309
2042046318373362
972779166452049
7246354414393643
8386999180889267
2118246893834670
9953502943387198
5914982694921746
6339044938594880
8495566903727674
1622425460340924
7687706364605114
4974352426081885
8423010340458312
1483944764558931
1270038479723866
3586852978170346
4523118379820574
1187871723332590
1285206026937553
7010764738840600
7046756132882890
4951144438367566
2709100329091361
4948273123275329
9927875531852409
559662005509744
8817203030124099
9659180834352671
9048786845463985
2865984961338482
8060987980656680
2100753361458741
4789775348488849
8490233353803098
2455848772085150
240046402107776
5285339949292891
5434467242709388
9386315653100861
7689571007992675
4789226252606523
4472388746229589
2936501525186904
5627758619097150
1170671542802616
7284133092859007
3172793187124480
9889622298986403
8641855948967895
504103675985770
8227590704253862
7375061970129328
5573139461388764
8176106528157023
760523994212133
1645588020056054
4871585788506924
4338519175534791
6942636786963384
9581710135485296
8549594681240697
337016562529956
5167399288245312
319227495837213
2490405699389882
4450286912619993
6641930670248716
8480390010972177
1161185256938431
2977131096704301
8607522628176857
3831174113856208
3548377922195711
1533362375268996
7327120257519775
1858562085126984
6307071754832014
8923073933217910
8260462020403988
1307541545950694
4446496455274911
9233857415975600
6211793410791848
360474093437657
6001114426339318
8970868091124617
5712821924740953
6860699507698805
424119849729977
144679315367287
6281357984769615
6564048738025381
5673488952020737
258202216991087
6686772125230004
6203478991394265
5990762497746076
6601343433603494
5946942708631759
2264325557343797
5461645824320127
1284966042107686
7526890291531210
5196368837528809
9392194091544552
7181674642262893
4114502758308743
6742317055047921
1850128249643465
1308476838473384
1482804586754462
4283700139612975
6519456551662939
790839130134504
5266141602193709
4269409282682280
2824828447611322
8119890651249150
3037392860699501
7180745056331900
1091101689962888
4429453333678072
7117042113754969
9975737748980984
2949988181454918
3032050016785980
4040880267046475
7106493311169607
5005127114982791
4310501389793361
230860009020182
1566846556485324
8589659601867795
2200437035578844
1834725550309455
1783417361579054
9116922573584041
3876651159969668
4804954666356460
6838833980509983
3404179657870058
9832585904922255
3703150673083516
7621911474556723
6182307279338800
7217772215022735
3946014935916411
2981763509651992
4865463121492545
3857937176635069
9450044674600026
1330211420204916
6877499659066901
2030704031311220
5328650691856
8125614480119777
2452148441295507
3270819589281378
1292822865008893
3214606193009358
569726832470653
5374374622701315
4342520680793730
2886041082737614
7310194658100067
2735951628207679
8370382527607056
5035032855122777
2650769950473214
3919006548561663
8143546663082715
2216920512993883
5544109825656769
3230025423733326
2300053519319147
230044844943083
8927857889585553
5195185582447587
5323489961451986
204501980362283
4435453746655289
120033320990223
9028083674950385
1971923972829139
2804449767454474
9144434097009980
3913072801628983
8774229997049784
3781473576450686
6559584786357497
7411204707146496
8516984605664371
5585495282228596
4317910803625648
7877078966771294
2790182077194457
7752094508636479
1705011512854915
5480518057078308
894499937706692
9716807928406234
1794328425144548
2425542041103366
2476899797897612
5242986132872364
1580803211509878
8201261387685110
738468427861812
6899624760888015
2956771765343202
9077199184777685
2274800956332330
9574629276583923
1971479242164233
9329538020902181
1506192142822415
8011860833844741
1695311219357477
62809345743901
1334473685938026
6434319521492856
6426270293263628
2326470267852149
4632055666898791
5414838975673804
4399038767964123
8276073366823726
7781399929247933
6507952602600720
2034041505798773
4540923062089378
2164616629337642
4636773895785406
657585140036626
8153322765970038
2654569300349179
4839372441657415
1329938759351137
4089236160750777
9623619597969647
1680716607476585
9583608766927932
1687673814706327
7235378084325069
846273346464869
2892747842418343
6848885200428165
7439720347849336
2661228729380187
7116132049352632
8552706359081289
4635960453831642
9555155071164394
45534834998768
1101147298473881
9455879101120432
1395130100035394
9657156479886517
408829571636869
9638741750849317
4724337741992586
5730156923134226
786508934541341
4179888320746398
1768211621743199
3408510770786978
4557984476343782
5315717178239584
8060833553145478
2548879894980750
3714281609642058
4422814657016704
4859469978136586
3072133114796785
2440780700494645
9473125278775061
7420895440116179
1979279003204678
3212496892031941
4047615579507915
8162481643761536
4113425418649132
7382024637896947
8464158837985527
3603624674238238
5153694837015084
4197922582501660
3022748468402749
7566839869420749
607273870424351
1807528257271900
3948562883474182
9952078843344188
4029858648076034
1348396179492042
7187083698792750
3497072764666675
2619345998149575
6053542717842580
1837861161283493
5307286921449822
6281390253960383
3104281691452214
8472392418972924
8375128062962582
7753151883797320
6170876316879820
5013869327992408
9488413355532776
1324725301095328
4925063249824368
3822264594951016
4288966408706342
9151066285535864
8694124559313177
1899533827554079
7512606574322587
918731344293899
3285001408647792
6863352479834013
725955708775925
1601099264772660
4717196717218394
5239013876964759
2373219505097351
1478042000036044
7360659941976732
1986055782202803
3004948062371445
5402535562266395
6287976799833141
2874782828872275
2525628488521269
8855393573384064
453550122935813
3574827165814806
4953648143551392
6600997493084009
5506389989259272
1747749797123036
6268460508995218
4161728539125031
4411619835998503
5485197273062695
2554614658735794
230496803724766
446995148462634
1407714827329595
2097224038412099
9687694487820219
4207631116483168
7916902195176593
6820931149080964
785114260123193
2535335771055959
1914492235655704
1341758230954249
3947003651325212
6065655754586596
3557333237094467
7920237613419655
448597239925754
6081888157346875
8024352744579749
6409937089760230
4311444594912960
1943485137917188
1813633201060594
2182495663827756
5922022686097813
8816608404946816
4553425243362229
6253331058619096
3120052484114179
7469009177159648
9988295940448899
9332902756071856
3441475660097632
2093751012374992
9264148278061079
7800867891217585
7533930686436831
9544130522669763
6908672853393401
5062339290731022
4235439697008833
3527010957437700
3804731319969189
7987840529677130
3395634735934990
9579599631225705
4637778058518606
377708953772967
1891422049561404
3945298788328143
1938853256136491
303637018419193
9217244780804462
938907164888356
4379666176770165
8105863471007265
3831918179914743
1693119302053404
9854034420158408
5674308752276049
4030142067618185
6920436609894269
8197901043179528
8777176744996514
8651201519077704
6331357767441734
3528654476263817
1545982307924248
4327965033579185
1928019341631223
4160664699555669
8542413720295247
2383826447388895
9711843000125974
1000773858274820
6686873063061221
2709939652906238
8885626326216873
1195252913062760
5292144298024038
2201762187243458
1480037123516536
1419342479762915
4999148827557661
3012464545896451
8653777463360227
9271883275171910
8512631343105358
8319289607007664
9243139235267532
5984391431353686
2212217799389492
8556340880015862
1137121930118083
98355213612892
4053065439979685
4331468447929001
6062731518973009
9074430876328074
6623153171144725
7034666607382538
6305843036815781
3023341600499442
5941826556347739
121894488069197
2083518557528886
1901983521814248
104035459284789
2902855860091473
6152924046959710
5617398877077983
8771572333303426
6268443592280727
8506647803275024
8898414587624040
1108928846172624
9505346515877219
3616222300996590
5861995535997899
1152248085368339
8713544166731096
9194191193045718
1169166204305014
3078835837937890
6836676084313494
1166516066643455
694104922486618
1383631999697785
7248110411983657
9597851295538598
4647066089565963
7081938906696349
2911189980439332
1285054324594077
3613097699357262
1917563096955815
6147399112794312
5720807115977542
3557442906697820
1796873171035817
3691084426965627
4929738079197335
7044246412884610
8090618195295998
7044703650231477
6441096315633156
258630760437918
7250746770117235
4187466972462842
6897089948276978
347680962672992
9277422952354745
9831193220963168
9072157410595239
4497292915799735
5637130745078996
5498774837199598
5597586369211008
5720417864705555
9943968156381100
6417284267747310
1317013894979306
3713838655380555
5659116121906415
9042093844148775
6308542562144339
4709659652949615
3436125078526019
5897893224557777
5653530503334384
8622100643528992
365210870561997
4153007178159382
508309144802309
8210743066769586
49361180464175
6493858087087555
1572993089757180
5409444152925603
1668812792203820
9559894031110941
9867014930596840
9378652237180851
4419842249856262
3634979320695576
6206250019654095
129968824667046
1460553688886499
3064961595027139
1416802027784012
2044099668117361
8630944620089097
4724859673393954
3055821790634362
8956974631138466
3644036434576165
4479489942405129
8720955670237300
7619885221157941
8523097501465366
298304138250119
