667 3817
21 1 2
31 6 8
88 8 2
99 11 3
74 1 10
40 19 5
79 11 5
49 17 3
9 1 5
39 7 3
38 15 5
60 3 5
69 2 6
85 3 3
73 16 1
12 10 3
88 15 8
83 10 2
7 4 3
91 8 7
11 15 9
27 20 5
45 5 8
74 2 5
57 11 10
80 4 3
46 7 9
18 13 9
24 19 1
60 4 8
16 10 8
83 18 1
20 11 1
26 14 5
70 14 5
76 20 2
43 14 3
72 6 2
93 15 5
55 17 8
52 11 4
80 2 1
54 6 5
72 7 7
2 18 9
19 13 6
47 8 5
67 10 3
12 13 3
40 13 8
50 16 8
83 10 3
69 1 9
17 13 7
26 6 2
6 4 10
67 14 9
76 8 10
52 4 4
100 4 10
59 2 7
28 17 10
34 19 1
29 1 1
9 2 8
51 1 9
1 16 2
41 18 7
6 6 3
10 10 3
17 13 2
50 16 2
38 18 10
51 5 7
97 20 10
91 20 3
79 18 2
47 12 9
10 12 10
99 6 5
64 8 6
71 1 4
65 2 8
14 16 6
19 3 2
18 16 5
39 14 8
57 4 6
33 16 7
45 9 6
35 8 6
85 12 9
40 4 2
95 2 6
20 9 10
34 17 5
84 15 6
54 9 7
39 19 7
71 5 8
46 16 7
25 8 10
32 5 10
7 10 2
16 8 8
93 8 8
38 15 1
58 16 1
21 3 4
19 17 10
88 12 9
5 10 4
38 14 5
8 10 5
15 8 5
22 10 8
64 16 10
97 6 3
25 1 4
79 1 3
19 17 2
69 1 7
94 4 7
43 7 9
68 10 2
75 7 2
81 10 7
23 19 1
61 2 8
76 7 4
66 4 8
32 6 2
97 15 2
46 7 3
20 9 5
0 10 4
58 11 3
16 3 7
53 17 9
64 13 3
83 6 2
41 7 7
94 7 2
48 6 8
55 11 10
9 7 3
84 10 10
21 9 3
41 6 3
13 20 3
52 10 8
88 7 4
67 13 5
36 7 2
10 5 2
90 6 4
98 16 6
83 14 7
25 6 5
19 6 5
81 5 7
75 9 7
34 12 10
56 14 10
99 11 10
37 8 2
20 5 6
100 20 10
88 1 6
79 5 8
88 1 4
92 9 3
46 15 3
15 11 8
75 2 7
23 5 5
96 14 1
19 17 10
2 9 10
41 4 8
71 16 5
32 1 10
95 9 6
10 3 5
47 6 7
78 1 9
15 20 7
19 7 3
17 5 10
97 1 6
44 13 5
29 3 6
22 4 3
82 7 8
62 12 8
27 11 8
43 12 9
0 17 1
59 11 6
25 12 8
26 11 4
36 11 4
81 1 1
17 15 5
99 1 5
39 15 8
63 9 10
40 7 2
3 1 8
96 12 3
84 2 6
85 8 5
59 5 2
83 14 7
49 13 6
23 6 5
73 16 7
44 1 3
78 9 8
28 10 9
75 20 4
38 13 3
66 9 5
19 16 9
57 18 10
83 19 2
46 1 10
52 5 10
100 17 1
70 13 6
80 16 3
3 9 4
99 6 8
2 3 6
4 19 10
54 5 6
60 2 3
0 9 9
69 6 4
34 7 1
28 15 3
87 12 5
22 10 2
86 5 6
48 5 9
45 18 7
68 14 2
11 9 2
99 8 9
57 5 6
21 18 9
40 11 8
52 9 10
86 9 7
83 16 7
72 14 3
86 19 2
38 10 3
39 2 9
89 13 3
36 11 3
95 5 10
30 18 7
75 13 4
72 9 10
96 20 4
49 1 4
47 14 2
30 11 9
11 10 5
37 16 10
91 6 8
30 16 2
20 12 10
68 16 8
41 13 3
14 18 3
86 15 9
28 9 4
36 3 5
86 9 10
95 14 2
78 7 10
72 6 8
26 13 9
0 2 4
68 13 5
73 18 10
76 20 1
37 8 9
14 10 7
58 20 2
28 16 2
96 4 7
60 7 2
87 13 9
61 11 4
99 13 7
82 5 5
42 12 3
44 7 4
23 4 4
3 11 6
5 13 6
53 11 4
15 15 7
64 16 7
69 3 4
93 8 6
90 13 7
43 13 6
21 6 10
65 8 9
25 20 10
13 6 5
66 14 9
39 3 3
8 3 8
56 13 6
71 15 8
51 15 6
10 4 9
11 15 8
64 10 4
57 9 5
74 13 4
62 20 4
86 10 4
26 9 7
43 13 7
98 20 5
7 7 3
58 11 6
16 20 4
53 9 7
82 18 4
44 15 1
6 5 8
56 10 5
3 9 8
3 9 8
84 3 3
1 10 3
0 6 2
16 5 8
16 9 3
67 14 6
11 11 3
98 17 9
73 3 3
51 10 4
8 19 9
7 9 9
84 4 8
51 4 6
99 14 8
38 20 10
86 15 10
18 12 7
74 18 9
87 10 2
42 14 6
39 15 2
44 13 5
100 16 8
1 1 5
44 9 10
81 11 8
97 19 4
32 12 3
28 6 7
42 12 9
93 15 5
90 13 4
87 1 1
72 1 2
62 8 7
10 1 6
48 14 2
24 11 6
9 9 10
87 15 3
41 20 4
61 6 2
89 19 10
85 1 9
94 9 8
100 18 3
51 9 8
87 16 9
83 9 7
86 10 8
38 17 6
86 5 3
88 14 10
7 19 2
24 11 9
3 3 5
84 8 7
95 3 8
6 7 9
0 2 4
6 4 9
53 9 2
64 5 6
61 20 2
64 5 2
39 20 9
43 3 8
91 10 9
4 2 9
37 17 7
57 17 5
72 4 4
8 9 6
99 14 5
4 14 8
91 16 6
47 7 9
40 18 6
87 20 10
23 20 10
81 9 2
26 7 3
22 19 4
98 5 8
51 10 4
60 12 4
4 2 8
3 11 7
76 5 6
59 15 3
27 9 9
67 15 7
35 16 1
93 16 5
64 6 9
65 15 5
50 12 6
73 2 7
81 3 1
4 12 6
0 4 6
2 16 5
1 19 2
8 18 7
25 1 8
18 4 1
42 4 8
45 20 1
94 10 10
100 14 7
28 16 6
79 17 5
0 5 4
100 12 8
64 10 1
36 18 9
51 7 6
68 12 7
55 20 8
77 3 9
65 8 1
63 1 3
100 7 8
60 7 5
53 10 10
70 1 2
24 13 3
0 1 3
12 17 5
28 3 2
80 5 8
74 2 5
83 3 6
42 6 4
50 19 1
66 13 4
49 14 5
87 2 1
53 11 9
73 5 8
94 4 3
6 5 8
8 7 4
8 2 7
69 3 6
43 12 8
2 7 7
7 18 4
3 5 6
38 1 7
53 5 1
39 12 9
64 9 9
71 17 1
95 15 5
87 1 5
81 10 4
36 19 4
96 4 8
37 8 10
85 14 3
76 17 5
63 10 1
68 15 1
66 16 8
39 5 5
73 17 8
85 3 5
73 11 10
57 14 8
92 16 9
21 10 3
65 1 5
45 10 4
30 16 3
28 10 10
44 5 7
100 1 4
35 1 9
42 12 1
9 17 6
74 13 10
78 8 4
37 3 7
35 14 5
21 5 1
38 15 1
50 5 6
35 8 4
4 16 9
37 19 7
70 14 6
78 10 7
79 12 3
43 7 4
9 15 10
43 3 3
68 18 1
11 8 10
69 17 4
5 15 9
72 3 3
92 8 4
99 16 9
27 15 10
62 3 4
67 5 1
48 6 2
67 12 6
63 9 2
31 2 5
55 19 8
6 5 7
69 1 6
0 13 7
62 15 1
29 14 6
90 18 4
2 17 9
41 12 4
34 8 3
93 6 10
64 13 7
89 4 10
27 6 1
36 2 1
61 10 5
59 8 5
65 15 6
45 1 6
96 3 5
18 4 9
44 7 2
25 16 7
29 1 2
19 8 10
20 6 2
36 13 8
81 9 5
3 11 1
94 2 9
87 20 4
32 19 6
37 16 8
41 13 2
9 12 4
74 13 5
96 6 7
86 15 6
43 12 2
54 6 10
78 4 8
93 6 9
20 19 1
36 2 1
27 9 7
34 13 5
63 7 10
91 18 4
26 13 7
88 8 1
12 15 8
84 11 5
17 7 4
96 14 7
98 16 3
44 20 7
18 19 3
64 16 10
58 3 5
77 1 4
8 1 5
76 6 8
70 4 3
28 12 5
94 15 10
90 20 1
13 14 5
62 15 10
32 5 7
13 1 6
59 8 5
17 13 1
73 15 2
47 13 2
27 9 6
61 4 3
47 2 9
51 19 6
74 6 4
35 14 1
62 19 9
23 13 7
58 5 10
49 18 1
71 19 8
25 8 6
31 6 2
64 19 9
82 1 7
55 9 4
18 11 9
43 11 1
97 8 7
22 15 7
98 16 10
93 12 9
63 2 7
46 16 6
76 17 7
61 10 5
51 4 3
89 19 6
91 6 6
6 15 10
67 14 5
47 1 9
81 6 9
31 10 1
14 1 1
32 1 9
27 5 4
21 13 2
54 15 1
63 2 10

