522 621
94 12 4
8 20 10
81 16 9
69 2 2
55 20 10
94 7 8
3 14 5
61 15 3
77 5 4
16 2 4
40 2 3
8 2 6
37 18 5
21 13 2
69 16 9
18 12 5
41 5 10
63 20 5
22 19 8
42 18 9
21 1 8
85 10 1
63 9 5
21 1 6
88 4 1
84 11 6
32 19 9
77 11 8
49 8 4
84 19 7
91 18 3
68 7 7
48 10 1
78 4 2
61 18 6
87 16 9
77 14 3
52 19 8
36 9 6
88 6 6
35 1 7
63 17 3
37 20 10
9 7 7
93 13 4
70 5 6
38 6 7
4 2 5
35 6 5
98 13 5
44 3 8
77 14 4
5 8 5
74 12 2
79 12 2
19 11 1
39 6 3
4 15 9
88 6 4
36 9 1
60 14 2
75 20 2
52 7 2
69 13 1
94 7 4
65 15 4
76 10 8
84 14 10
61 4 10
5 16 6
32 11 2
8 17 10
51 8 6
48 9 2
44 16 10
22 8 10
6 16 6
77 16 1
64 8 4
39 1 9
71 1 4
74 18 4
48 9 8
65 8 6
18 17 5
100 2 6
78 9 5
87 7 4
19 10 1
43 8 3
95 6 7
2 8 1
9 12 2
80 17 6
91 20 10
76 13 3
10 2 7
40 19 9
65 2 5
94 6 10
43 13 2
16 14 7
28 5 7
41 9 9
81 16 4
72 3 2
59 6 2
52 19 1
75 4 5
97 14 9
79 14 3
61 19 3
82 11 2
53 10 5
56 7 9
52 12 2
38 17 2
21 4 5
91 19 2
79 1 5
33 10 9
23 8 7
20 18 8
25 5 4
82 13 8
93 13 4
58 2 6
77 15 3
83 3 2
87 20 1
21 4 2
58 17 1
84 18 2
61 20 8
90 13 2
75 16 3
49 3 5
16 1 4
14 1 1
98 18 8
28 19 3
80 17 8
93 8 1
22 5 1
99 8 10
54 7 8
24 5 4
97 4 9
1 4 4
6 16 9
42 6 4
12 17 1
14 2 8
65 5 4
36 9 2
3 6 1
8 9 5
93 7 8
92 13 5
32 17 4
48 16 6
33 2 2
37 16 5
30 8 10
45 10 3
26 10 10
12 18 8
2 13 5
66 17 3
53 5 3
42 16 1
52 9 5
29 20 1
61 15 3
6 6 5
6 7 3
88 20 7
39 4 1
96 9 7
63 6 1
12 8 8
65 12 10
83 9 6
45 2 10
0 4 7
90 1 5
23 7 10
92 20 6
41 6 1
61 19 5
52 10 10
63 14 10
15 18 4
63 8 1
23 8 8
45 18 9
88 18 10
2 9 4
83 7 8
79 5 5
46 5 3
67 8 4
53 17 5
4 10 7
42 15 1
98 7 10
0 13 7
75 6 2
36 17 10
17 17 4
23 1 7
26 16 9
48 18 4
60 11 3
31 13 7
55 1 7
49 16 8
74 15 4
15 8 10
21 7 1
26 15 9
69 17 5
0 5 4
6 16 2
1 5 2
1 2 5
30 17 10
55 5 8
55 5 2
85 2 6
27 1 6
26 10 1
41 17 8
15 1 7
30 15 9
93 16 8
44 4 3
15 15 2
67 16 7
12 10 2
82 9 10
41 18 6
7 14 1
44 13 10
82 2 3
16 16 8
86 7 3
66 6 9
100 15 8
28 20 7
23 2 3
48 5 7
60 14 5
16 3 9
32 14 2
35 10 1
2 1 4
85 14 10
99 3 9
69 13 2
37 17 6
76 10 7
100 8 4
27 7 3
14 8 5
7 3 6
79 2 7
57 18 2
57 13 4
44 1 2
60 17 9
83 20 2
10 20 5
88 11 2
50 10 7
26 6 6
36 7 4
79 17 7
65 12 9
65 9 4
91 2 2
47 17 5
9 18 4
82 1 5
21 2 2
96 19 9
37 18 8
50 11 4
64 15 1
46 19 7
56 6 1
37 18 9
26 6 10
66 5 10
22 4 3
11 12 7
62 3 4
81 5 10
2 14 5
28 10 1
57 16 1
44 14 9
2 11 5
22 3 4
5 18 8
43 5 1
54 18 2
74 11 2
14 16 2
79 19 4
34 10 7
78 18 2
86 16 3
93 11 7
29 4 10
69 4 4
13 11 4
14 12 3
66 15 2
83 2 7
87 8 5
82 17 8
6 2 9
74 6 5
79 10 1
93 18 4
83 7 1
18 5 6
11 5 6
47 12 1
50 11 10
3 10 6
14 1 9
46 2 8
94 7 8
92 19 2
80 1 10
64 6 4
57 8 7
10 10 2
55 3 2
48 15 1
38 2 2
83 20 6
14 1 5
92 20 5
36 6 1
46 3 8
21 17 1
58 12 6
8 3 9
84 11 3
33 9 4
93 17 7
41 17 3
14 15 2
89 1 3
44 8 1
48 18 1
66 5 9
100 9 1
7 12 2
33 11 6
72 1 3
41 7 2
49 6 6
35 10 10
23 18 4
1 6 7
97 10 5
85 12 3
82 6 10
50 14 6
98 9 2
9 14 1
28 12 10
54 2 10
79 1 9
19 15 7
89 3 4
79 8 5
94 13 8
46 11 7
55 10 5
84 6 6
1 18 3
50 10 9
79 15 5
3 11 5
84 11 7
70 4 1
58 3 1
16 16 9
16 16 8
62 18 1
14 9 5
87 16 10
74 17 9
20 10 2
36 4 3
36 18 6
88 7 7
94 17 7
1 4 8
71 2 4
32 14 3
13 13 2
46 10 1
1 9 10
67 15 10
98 15 2
31 20 2
93 11 9
84 13 5
82 2 5
95 20 8
77 19 5
7 19 1
5 5 7
33 8 7
4 17 8
83 1 8
69 20 8
95 4 5
46 17 6
52 4 8
88 1 4
83 7 1
79 17 9
45 17 4
13 13 2
10 12 9
79 2 8
54 16 6
45 16 8
91 12 10
82 3 3
95 15 6
54 3 2
88 1 8
72 11 5
5 2 8
0 12 10
98 9 7
74 4 5
62 8 1
11 6 1
93 12 3
31 13 9
40 9 6
31 7 8
19 16 7
69 3 4
55 4 7
80 7 3
80 3 6
70 5 7
61 11 6
67 11 6
55 6 1
51 15 8
82 9 7
20 20 2
65 7 6
4 17 9
64 16 1
44 7 9
44 5 2
95 11 4
25 12 3
0 11 9
53 15 4
68 9 4
20 2 1
3 8 8
23 6 1
17 10 8
62 15 6
97 8 3
63 6 3
41 5 5
89 6 9
74 19 6
62 14 7
96 15 10
51 16 8
74 3 7
86 5 5
54 19 9
15 9 2
87 20 5
32 18 1
25 10 8
74 16 10
29 9 7
53 15 2
41 11 3
10 15 2
15 4 7
74 16 9
77 14 5
21 5 1
94 7 1
96 8 10
17 15 4
69 2 10
91 7 6
48 4 2
71 8 6
8 9 5
23 16 8
1 3 4
42 10 7
64 15 10
90 13 2
62 12 8
28 4 5
60 6 8
78 2 9
51 13 1
59 9 10
31 3 7

