813 4127
98 4 10
70 11 3
38 8 5
95 20 10
13 9 9
82 5 10
91 11 9
5 14 1
47 2 5
0 9 4
21 8 6
7 12 8
63 15 5
17 14 6
40 12 3
58 13 2
43 20 5
80 6 2
59 18 4
21 10 5
49 10 3
10 1 9
32 17 9
100 17 5
95 6 2
90 16 8
21 10 4
4 2 9
46 10 10
60 15 3
94 3 7
56 17 6
86 16 3
33 2 3
58 13 9
79 11 9
20 20 6
59 3 10
74 13 6
24 2 6
14 14 1
67 8 3
32 17 2
46 2 7
30 11 6
75 11 7
98 13 6
76 16 8
42 20 3
6 18 2
66 11 9
91 9 2
41 8 8
88 19 10
75 13 4
79 8 5
20 5 10
26 4 4
59 19 10
56 5 7
64 18 10
26 2 9
80 13 1
33 11 10
19 9 3
1 11 8
39 12 10
90 9 7
100 17 3
0 7 2
53 17 5
17 1 10
81 13 4
66 18 1
57 15 2
14 9 2
6 14 3
73 14 8
87 19 3
20 9 10
48 10 1
74 14 8
80 7 7
3 8 6
94 3 2
46 1 5
59 13 10
51 1 9
24 3 10
96 11 3
12 5 8
60 17 7
23 10 8
18 16 2
7 11 8
31 2 7
50 5 9
28 8 10
29 14 10
18 19 8
69 20 10
4 2 10
90 15 3
88 4 4
91 16 6
6 1 9
95 20 6
82 16 1
68 7 3
13 10 2
71 5 7
92 13 6
17 15 8
40 9 4
31 13 5
71 2 10
46 2 9
67 4 9
75 19 1
59 3 2
50 11 9
14 3 1
95 2 4
56 6 4
100 2 8
25 7 6
90 14 8
91 3 5
3 11 6
64 9 1
55 14 9
14 5 8
17 4 5
56 8 9
22 17 3
46 5 8
72 5 5
3 15 10
43 10 8
28 19 9
14 19 8
70 8 7
38 8 2
8 14 5
97 4 1
86 2 4
31 18 1
99 17 2
68 7 3
42 14 8
54 18 4
28 20 9
64 6 10
26 7 10
20 12 4
14 15 3
18 12 7
33 8 10
8 17 6
11 17 9
83 18 8
80 15 8
81 1 1
2 20 9
94 18 8
62 19 3
91 19 1
4 10 9
95 6 9
54 2 2
70 9 9
46 12 5
95 3 9
31 19 8
73 7 3
50 12 8
57 20 7
81 8 8
54 16 5
39 10 1
26 9 1
40 13 3
49 16 2
72 13 4
69 10 10
75 5 9
2 4 2
96 19 10
30 18 5
20 14 10
18 5 6
82 7 8
3 19 1
6 13 9
6 6 4
52 20 5
68 5 9
78 13 6
27 17 8
50 4 4
76 15 4
90 12 10
29 3 2
91 2 1
51 6 6
66 13 1
54 8 8
76 14 7
12 1 4
77 14 10
65 2 1
66 14 5
26 5 1
64 4 7
83 15 9
27 5 4
60 4 10
66 1 10
36 7 6
42 18 2
9 1 10
67 11 1
45 20 9
27 8 4
61 4 3
81 7 2
34 4 2
40 20 5
16 14 9
22 6 6
25 16 9
28 7 8
1 7 5
68 3 5
62 14 8
98 18 1
44 19 2
48 1 3
73 19 10
89 15 6
28 7 1
99 6 9
45 10 10
80 12 7
51 18 1
96 14 7
83 18 9
41 8 3
98 18 3
7 4 2
86 16 8
19 14 3
74 15 5
68 1 2
53 10 9
9 15 3
7 19 3
58 20 10
47 13 10
68 9 2
49 14 4
90 10 6
21 5 10
71 14 2
37 1 6
100 12 3
74 13 4
68 7 9
92 16 10
29 13 6
70 18 10
2 19 3
66 13 8
51 11 1
31 15 5
77 6 4
81 19 4
90 14 8
91 8 6
38 7 3
63 19 6
59 17 4
40 11 10
37 8 1
23 19 5
0 18 7
32 7 4
73 7 6
2 19 7
13 20 2
30 18 8
79 18 3
19 2 6
72 8 10
3 5 10
28 12 4
13 16 2
97 18 1
43 12 10
59 16 10
5 20 1
84 17 8
79 16 8
17 13 2
43 16 3
32 5 5
87 10 3
1 17 2
8 19 2
65 5 8
61 8 3
97 19 8
62 18 8
31 7 7
77 19 7
57 16 5
38 7 5
83 13 2
14 12 10
36 12 4
27 8 7
11 11 2
14 17 5
38 5 4
5 2 2
35 10 2
39 8 1
54 20 6
67 8 2
89 9 10
7 7 5
71 6 4
0 2 5
44 6 10
68 5 5
73 3 3
46 18 8
67 12 7
83 5 5
67 12 1
47 16 6
3 16 1
49 13 2
99 3 6
100 11 2
62 9 1
3 5 10
48 13 8
87 1 7
29 9 8
70 14 8
54 10 5
62 6 2
25 1 2
92 4 2
3 3 6
96 13 10
7 11 10
79 4 1
59 11 10
86 8 10
90 4 9
94 16 10
3 9 1
48 3 3
80 4 6
5 11 1
40 14 7
32 7 9
55 7 10
70 7 9
68 8 3
74 20 8
91 5 5
20 20 7
83 18 5
39 3 6
54 13 4
25 9 4
38 15 6
20 5 4
48 2 9
72 17 5
61 14 8
51 14 4
76 15 8
41 1 10
26 13 5
29 13 2
56 15 1
20 15 7
28 3 3
97 1 10
72 7 10
62 3 9
34 17 4
21 11 10
96 1 5
82 17 2
38 8 9
74 7 10
17 16 2
62 10 6
38 20 8
61 12 5
32 18 1
88 16 2
93 8 5
87 6 2
80 4 8
3 3 7
22 5 2
64 20 8
25 4 9
62 3 9
83 19 4
5 9 7
1 13 2
30 13 6
11 20 7
51 10 4
62 16 1
63 18 9
66 13 7
27 20 3
97 7 5
74 2 8
1 16 3
73 14 5
84 11 6
66 10 1
16 2 3
40 7 10
92 19 10
24 10 6
75 7 1
39 6 1
9 2 8
12 13 4
54 15 4
6 7 3
49 12 10
83 18 8
51 7 3
52 10 9
8 19 10
14 10 10
38 1 6
96 8 1
30 9 9
92 18 4
4 20 2
61 8 3
90 12 2
17 7 3
39 3 7
73 1 9
46 15 4
12 11 2
34 2 4
83 6 8
98 8 4
14 13 2
55 17 9
84 8 7
58 7 5
70 1 6
24 5 6
57 10 3
87 16 8
21 8 5
54 13 8
36 2 2
49 6 5
50 7 9
60 17 6
77 9 2
96 3 2
2 12 8
47 14 3
57 13 3
46 12 10
2 16 1
9 19 4
26 10 10
44 2 2
93 18 2
91 19 5
63 11 3
57 5 1
18 17 9
49 2 4
69 14 5
5 7 3
50 16 1
79 3 9
45 19 8
58 10 3
45 5 7
34 18 1
63 12 6
61 16 8
40 13 1
23 13 7
86 5 10
93 1 4
91 13 3
20 11 8
3 7 7
7 18 5
42 3 7
74 5 6
78 14 4
74 10 2
91 7 6
32 10 6
31 16 5
83 9 3
83 9 2
53 19 8
30 20 4
49 10 3
72 14 3
92 20 3
3 3 4
19 7 5
16 5 3
42 20 3
67 19 4
45 20 2
9 6 2
12 10 2
6 12 6
68 11 5
91 14 9
8 8 4
36 14 2
69 16 6
22 14 4
1 10 4
29 6 7
77 13 8
79 18 2
78 1 6
0 8 1
73 16 10
63 6 7
72 15 1
41 10 1
70 11 10
50 8 6
98 12 1
8 18 10
6 2 6
53 14 9
7 17 4
87 19 8
43 11 10
66 15 3
57 6 1
7 4 5
84 19 9
70 13 5
30 15 3
73 14 9
95 6 2
75 17 10
62 15 3
24 12 5
38 16 10
75 15 10
35 7 6
77 16 2
73 6 9
46 7 4
96 15 4
54 13 7
3 16 1
6 12 5
51 3 7
66 14 2
11 18 5
5 7 2
41 8 9
60 14 1
72 11 8
33 3 2
16 9 9
84 11 8
87 11 5
70 7 3
55 9 10
24 14 6
98 17 10
65 13 3
43 16 7
21 12 5
99 8 2
0 18 8
50 1 5
15 18 3
12 19 2
88 5 5
65 10 5
39 2 7
10 15 4
1 18 2
90 2 4
63 20 6
100 12 2
30 19 6
65 10 5
50 6 7
19 17 5
89 5 9
52 15 9
26 6 6
11 20 9
37 14 3
64 13 9
37 8 4
35 11 8
12 17 4
54 20 9
38 16 2
80 20 5
4 2 9
67 10 3
8 3 5
92 10 3
65 18 1
29 16 4
29 7 4
29 15 8
100 4 4
24 7 4
71 2 7
42 7 5
8 16 8
84 5 9
100 12 10
88 8 6
93 12 3
44 20 1
82 1 7
40 11 10
55 2 6
0 1 7
29 8 5
16 3 5
44 9 5
36 12 10
52 10 5
2 9 9
4 8 1
75 1 8
21 18 2
38 14 8
76 16 10
44 9 9
47 20 7
20 14 4
77 16 2
84 6 10
77 19 6
41 12 6
70 6 4
3 1 10
37 10 7
72 2 3
16 14 7
37 16 1
86 15 9
59 18 7
34 7 8
55 20 9
25 6 3
1 3 5
59 19 7
11 12 2
38 14 3
55 13 6
56 18 4
19 10 7
82 8 9
7 20 5
4 20 9
79 10 7
1 8 3
81 9 1
30 8 9
44 10 7
17 10 6
99 6 9
11 9 9
37 2 1
22 1 1
29 2 4
65 16 3
44 13 7
12 12 6
49 2 1
70 12 1
60 7 3
90 3 8
34 7 7
84 12 3
55 10 2
78 1 4
40 20 10
51 15 8
5 7 3
25 9 1
97 17 9
9 11 9
36 4 9
24 14 9
73 14 8
48 11 8
3 7 1
59 15 3
1 8 5
4 4 10
56 8 8
23 8 6
67 12 9
4 18 10
6 19 4
62 18 8
91 7 1
95 4 1
90 9 7
78 14 2
70 11 9
13 19 2
84 1 8
27 12 4
22 3 8
31 13 5
33 10 10
49 2 9
76 5 5
64 14 1
5 17 3
67 17 7
40 5 3
47 17 3
69 14 5
5 10 4
15 18 8
44 13 5
91 4 1
25 17 1
59 20 3
41 2 7
14 6 10
38 1 10
24 19 9
43 2 10
97 11 1
98 17 6
20 10 1
72 20 10
18 10 7
32 16 5
46 17 1
13 5 10
19 7 8
40 12 3
8 6 5
19 11 6
58 14 7
52 5 5
75 20 9
98 15 9
60 2 5
29 3 2
46 6 5
10 20 3
43 11 4
21 18 3
62 3 2
53 17 8
71 18 8
27 20 6
47 10 9
50 6 9
12 13 7
79 3 5
40 4 3
5 4 6
40 13 1
11 18 8
11 17 10
8 4 8
93 18 10
87 7 8
81 15 6
25 15 3
43 8 7
98 5 10
31 11 2
69 20 6
25 1 8
82 2 7
50 19 9
14 9 7
48 6 4
59 1 10
4 5 6
72 13 1
15 19 1
3 4 3

