13 191
88 72 52 70 15 90 57 87 67 68 52 58 11 
1 7 7 9
2 2
2 11
4 12
4 1
1 5 8 1
3 10 13
3 8 8
1 12 13 1
1 9 10 5
4 4
4 7
4 9
2 2
2 10
3 9 13
1 11 13 4
2 2
3 8 8
2 2
4 11
4 9
1 1 9 4
3 8 13
4 5
2 5
1 2 11 7
3 6 9
2 4
4 11
2 3
3 4 13
4 4
1 7 10 5
3 2 6
3 12 13
1 1 2 8
2 3
4 5
4 5
4 12
2 4
3 11 12
4 1
4 10
3 13 13
4 5
1 7 9 4
3 1 8
2 12
2 1
1 10 13 8
3 7 7
4 8
2 6
1 8 11 1
4 1
4 3
1 8 13 5
2 9
1 11 11 7
1 13 13 3
4 7
2 5
3 12 12
4 3
4 3
4 7
1 4 10 4
3 6 6
4 8
4 4
2 12
3 1 9
3 4 11
3 11 13
3 12 12
3 11 11
2 6
3 4 4
1 13 13 10
3 12 12
3 9 12
1 13 13 10
2 8
1 12 13 8
2 5
2 11
2 9
3 9 9
2 2
3 13 13
2 9
2 11
4 4
3 3 9
1 6 7 4
4 6
3 10 13
3 12 12
3 8 13
1 13 13 2
3 6 9
3 13 13
3 6 9
4 7
1 12 13 6
3 9 13
4 3
1 7 13 2
3 2 7
1 8 8 1
4 10
3 1 2
3 5 9
3 3 8
2 7
2 9
4 6
1 1 7 7
2 12
4 13
1 7 9 8
2 3
3 6 8
3 6 8
2 12
2 13
3 8 9
3 11 12
2 3
2 4
4 2
4 3
3 12 13
2 10
1 2 9 8
3 9 10
3 2 12
2 10
3 2 5
1 6 9 5
1 5 5 2
4 1
4 4
1 2 3 5
1 9 13 7
2 9
2 2
3 7 9
2 6
4 13
1 8 10 4
3 5 9
3 9 9
1 1 7 5
3 2 3
4 7
1 7 10 5
1 12 12 2
3 10 11
3 1 13
2 5
2 7
1 8 10 5
4 7
3 2 7
1 7 10 5
3 12 12
4 8
3 5 5
4 13
2 12
1 12 13 6
2 2
2 11
3 13 13
4 11
2 4
1 7 9 5
1 8 13 7
2 2
4 11
3 6 6
1 9 13 6
4 4
2 7
1 11 12 4
1 7 8 4
4 6
2 12

