12 110
29 51 78 80 85 74 45 3 18 55 19 59 
4 5
1 12 12 9
4 2
3 2 6
1 3 7 6
1 7 8 10
1 9 12 8
2 8
2 8
4 5
1 11 11 6
3 1 7
3 6 9
4 7
2 9
3 11 11
3 11 12
4 1
2 6
1 9 12 1
4 3
4 3
4 5
3 12 12
4 8
1 1 12 7
2 5
1 6 9 5
1 4 8 8
3 8 10
1 12 12 3
4 5
3 4 5
4 3
1 2 8 9
3 2 2
3 7 10
1 6 10 7
2 12
4 5
4 9
2 10
4 11
2 10
4 7
2 4
1 5 5 6
1 12 12 10
3 9 9
4 6
3 10 10
1 2 9 3
1 12 12 9
4 1
1 11 11 8
3 3 11
1 10 11 8
3 2 4
1 1 2 3
3 10 12
1 9 10 8
2 12
2 10
1 4 10 9
1 9 10 9
1 3 10 4
1 3 11 9
1 7 12 3
4 8
3 12 12
3 10 12
2 4
1 6 11 2
2 3
2 9
2 2
2 3
1 3 5 10
1 8 8 6
3 2 10
4 9
3 6 10
1 8 8 10
2 1
3 5 7
1 2 2 3
1 3 4 2
3 10 11
2 11
4 2
3 10 12
4 4
2 11
3 1 4
2 1
2 7
3 8 10
2 2
1 3 7 8
2 6
1 5 8 1
4 9
1 6 9 5
3 1 7
1 4 4 4
2 7
4 2
4 7
1 4 12 1
1 4 11 7

