16 116
15 18 79 9 66 19 12 57 45 16 22 48 54 60 78 71 
1 2 9 4
2 5
1 9 13 9
4 4
1 10 15 5
1 15 15 9
2 2
1 7 12 2
2 6
3 16 16
1 1 6 6
2 3
2 4
1 2 4 2
1 15 16 8
1 12 15 4
3 15 15
3 5 5
4 12
2 16
3 1 5
2 15
3 14 14
1 1 15 4
4 12
4 5
3 14 16
3 10 15
1 12 16 3
2 16
3 10 10
4 4
4 1
2 2
3 11 16
3 4 5
3 4 9
2 1
2 4
1 12 12 1
4 15
3 12 14
2 8
3 6 12
4 15
1 15 15 6
1 7 13 4
4 7
3 2 12
2 4
3 10 15
2 13
2 16
2 5
4 12
1 4 14 6
4 16
2 11
4 4
4 4
3 16 16
2 16
2 16
1 3 11 3
4 6
3 4 16
2 9
1 3 8 1
2 4
2 7
1 4 15 8
4 2
4 4
3 4 10
1 1 13 10
1 3 12 6
2 8
3 3 10
1 12 12 2
2 1
4 10
1 2 2 7
2 8
4 3
3 7 9
2 10
3 7 8
2 13
2 14
4 2
4 12
3 1 2
2 10
2 12
1 13 13 4
1 3 13 9
2 7
4 8
4 11
2 6
3 5 7
2 2
2 2
3 10 15
3 11 11
2 10
1 6 7 9
3 9 10
4 3
1 9 13 9
3 4 10
3 2 13
1 8 9 10
1 6 9 1
3 9 12
4 5

